V 40 1302 71 1336 0
a 73 1301 96 1327 0
l 101 1302 108 1336 0
e 113 1301 136 1327 0
u 141 1301 164 1327 0
r 170 1302 186 1327 0
n 201 1302 224 1327 0
u 215 1301 241 1336 0
t 231 1301 253 1327 0
r 257 1301 272 1335 0
i 275 1302 301 1336 0
t 304 1301 320 1335 0
i 323 1302 330 1336 0
v 333 1302 358 1327 0
e 361 1301 384 1327 0
p 42 1245 58 1270 0
o 60 1251 76 1270 0
u 70 1245 87 1270 0
r 80 1251 108 1270 0
% 119 1251 145 1276 0
t 155 1251 163 1275 0
a 165 1251 181 1270 0
s 184 1251 198 1270 0
s 201 1251 215 1270 0
e 217 1251 234 1270 0
( 246 1245 254 1276 0
1 259 1252 268 1276 0
2 275 1252 291 1276 0
5 295 1251 311 1276 0
m 323 1252 348 1270 0
l 337 1245 350 1276 0
) 352 1245 367 1276 0
C 41 1192 64 1219 0
a 59 1179 74 1223 0
l 67 1191 94 1218 0
o 98 1191 118 1211 0
r 110 1179 129 1223 0
i 122 1192 141 1218 0
e 144 1191 162 1211 0
s 164 1191 182 1211 0
1 197 1192 208 1218 0
9 216 1191 233 1218 0
0 236 1191 253 1218 0
% 384 1185 402 1202 0
v 409 1186 420 1198 0
a 417 1186 428 1202 0
l 422 1186 438 1202 0
e 440 1186 451 1198 0
u 453 1186 463 1198 0
r 466 1186 473 1198 0
q 480 1182 491 1198 0
u 494 1186 504 1198 0
o 500 1182 510 1202 0
t 506 1186 518 1198 0
i 519 1186 530 1202 0
d 532 1186 544 1202 0
i 546 1186 550 1202 0
e 552 1186 562 1198 0
n 565 1186 575 1198 0
n 572 1182 583 1202 0
e 578 1186 601 1198 0
* 608 1195 615 1202 0
L 42 1134 57 1155 0
i 60 1134 64 1155 0
p 68 1129 83 1150 0
i 86 1134 90 1155 0
d 93 1134 107 1155 0
e 110 1134 125 1150 0
s 126 1134 140 1150 0
1 153 1134 161 1156 0
2 167 1134 181 1156 0
g 192 1128 206 1150 0
1 552 1135 560 1157 0
6 566 1135 581 1157 0
% 592 1135 615 1157 0
s 66 1095 79 1112 0
a 81 1095 95 1112 0
t 97 1095 104 1116 0
u 106 1095 119 1111 0
r 123 1096 131 1112 0
é 132 1095 147 1117 0
s 149 1095 162 1112 0
3 172 1095 186 1117 0
. 190 1096 193 1099 0
5 197 1095 211 1117 0
g 221 1089 235 1112 0
1 552 1078 560 1099 0
2 566 1078 580 1099 0
% 592 1078 615 1100 0
+ 70 1060 85 1074 0
t 95 1056 103 1077 0
r 105 1057 113 1073 0
a 114 1056 128 1073 0
n 131 1057 144 1073 0
s 147 1056 160 1073 0
0 170 1056 184 1078 0
. 188 1057 191 1060 0
3 195 1056 209 1078 0
g 220 1050 233 1073 0
p 67 1012 80 1034 0
o 82 1018 97 1034 0
l 100 1018 103 1039 0
y 105 1012 118 1034 0
i 121 1018 124 1039 0
n 128 1018 141 1034 0
s 144 1018 157 1034 0
a 159 1018 173 1034 0
t 174 1018 182 1039 0
u 184 1018 197 1034 0
r 201 1018 209 1034 0
é 210 1018 224 1039 0
s 226 1018 239 1034 0
2 249 1018 263 1039 0
. 268 1018 271 1021 0
5 275 1018 289 1039 0
g 299 1012 313 1034 0
P 92 979 108 1000 0
o 102 973 118 1000 0
l 111 979 131 1000 0
y 133 973 146 995 0
i 149 979 152 1000 0
n 156 979 169 995 0
s 172 979 185 995 0
a 187 979 201 995 0
t 202 979 210 1000 0
u 212 979 225 995 0
r 229 979 237 995 0
é 238 979 252 1000 0
s 255 979 268 995 0
o 278 979 292 995 0
m 295 979 317 995 0
é 319 979 334 1000 0
g 335 973 349 995 0
a 344 973 360 1000 0
- 352 979 366 995 0
6 369 979 393 1000 0
2 403 979 417 1000 0
g 428 973 442 995 0
P 92 940 108 961 0
o 105 934 118 961 0
l 111 940 131 961 0
y 133 934 146 956 0
i 149 940 152 961 0
n 156 940 169 956 0
s 172 940 185 956 0
a 187 940 201 956 0
t 202 940 210 961 0
u 212 940 225 956 0
r 229 940 237 956 0
é 238 940 252 961 0
s 255 940 268 956 0
o 278 940 292 956 0
m 295 940 317 956 0
é 319 940 334 961 0
g 335 934 349 956 0
a 352 940 366 956 0
- 362 934 374 961 0
3 369 940 393 961 0
1 406 940 414 961 0
g 428 934 442 956 0
M 67 901 87 922 0
o 83 901 98 922 0
n 91 901 105 917 0
o 108 901 121 917 0
i 124 901 138 917 0
n 141 901 161 922 0
s 156 901 171 922 0
a 164 901 177 917 0
t 178 901 192 917 0
u 194 901 217 922 0
r 221 901 229 917 0
é 230 901 244 922 0
s 246 901 259 917 0
5 270 901 284 922 0
. 288 901 291 904 0
0 294 901 309 922 0
g 319 895 333 917 0
G 41 853 61 875 0
l 65 853 69 874 0
u 73 853 86 869 0
c 89 853 103 869 0
i 106 853 111 874 0
d 114 853 128 874 0
e 131 853 145 869 0
s 147 853 161 869 0
1 174 853 182 875 0
5 188 853 202 875 0
g 213 847 226 869 0
F 67 813 82 835 0
i 85 813 88 835 0
b 91 813 105 835 0
r 108 813 116 829 0
e 117 813 132 829 0
s 134 813 147 829 0
0 182 813 183 829 0
g 182 807 195 829 0
S 66 776 83 798 0
u 87 776 99 792 0
c 102 776 116 792 0
r 118 776 126 792 0
e 127 776 142 792 0
s 144 776 157 792 0
3 167 776 181 798 0
g 191 770 205 792 0
P 42 730 58 751 0
r 61 730 71 745 0
o 72 729 87 745 0
t 89 729 98 750 0
é 99 729 113 751 0
i 116 730 120 751 0
n 124 730 138 745 0
e 141 729 155 745 0
s 156 729 171 745 0
4 180 730 195 751 0
g 206 723 219 746 0
C 41 675 59 697 0
h 55 675 70 697 0
o 63 675 77 696 0
l 80 675 95 691 0
e 98 675 120 696 0
s 115 675 127 697 0
t 121 675 146 696 0
é 147 675 162 697 0
r 164 675 174 691 0
o 175 675 190 691 0
l 193 675 198 696 0
1 210 675 218 697 0
5 225 675 239 697 0
m 251 675 272 691 0
g 274 669 288 691 0
S 41 629 58 651 0
o 60 629 76 645 0
d 78 629 93 651 0
i 97 630 101 651 0
u 105 629 119 645 0
m 122 630 144 645 0
4 155 630 170 651 0
5 172 629 186 651 0
m 198 630 219 646 0
g 222 623 235 646 0
P 42 566 58 588 0
o 61 566 75 582 0
t 77 566 84 587 0
a 86 566 100 582 0
s 102 566 115 582 0
s 117 566 130 582 0
i 133 566 136 588 0
u 140 566 152 582 0
m 156 566 178 582 0
1 191 566 199 588 0
1 208 566 216 588 0
0 222 566 236 588 0
m 248 566 269 582 0
g 271 560 285 582 0
C 41 516 60 538 0
a 63 516 76 532 0
l 80 516 83 538 0
c 86 516 99 532 0
i 101 516 121 538 0
u 115 516 130 538 0
m 125 516 146 532 0
9 157 516 171 538 0
6 173 516 188 538 0
m 199 516 221 532 0
g 223 510 237 532 0
F 42 466 57 488 0
e 59 466 74 482 0
r 77 466 104 488 0
1 98 456 113 492 0
m 120 466 141 482 0
g 143 460 157 482 0
V 40 418 60 440 0
i 62 418 65 440 0
t 67 418 90 439 0
a 84 418 96 440 0
m 93 418 115 434 0
i 118 418 121 440 0
n 125 418 137 434 0
e 140 418 155 434 0
B 167 418 183 440 0
- 185 425 193 427 0
6 195 418 209 440 0
0 220 418 234 440 0
m 245 418 267 434 0
g 269 412 283 434 0
V 40 368 60 390 0
i 62 368 65 390 0
t 67 368 90 389 0
a 84 368 96 390 0
m 93 368 115 384 0
i 118 368 121 390 0
n 125 368 137 384 0
e 140 368 155 384 0
B 167 368 183 390 0
- 185 375 193 378 0
1 197 368 205 390 0
2 211 368 225 390 0
0 236 368 251 390 0
y 262 362 276 384 0
g 278 362 292 384 0
P 42 319 58 340 0
a 61 318 75 335 0
n 71 318 85 340 0
t 78 318 101 339 0
o 102 318 117 335 0
t 118 318 126 339 0
h 128 319 141 340 0
é 144 318 158 340 0
n 161 319 174 335 0
a 177 318 191 335 0
t 193 318 200 339 0
e 201 318 216 335 0
0 227 318 241 340 0
m 252 319 274 335 0
g 276 312 290 335 0
* 41 279 46 285 0
5 48 269 56 285 0
% 57 270 71 285 0
o 77 269 86 281 0
u 88 269 95 281 0
m 102 270 114 281 0
o 111 269 120 285 0
i 116 269 125 281 0
n 126 270 138 285 0
s 139 269 147 281 0
c 153 269 160 281 0
' 162 282 164 285 0
e 165 269 174 281 0
s 172 269 180 285 0
t 175 269 188 284 0
p 195 265 204 281 0
e 205 269 214 281 0
u 215 269 223 281 0
, 226 267 228 272 0
1 236 270 241 285 0
5 245 269 253 285 0
% 255 269 268 285 0
o 274 269 283 281 0
u 285 269 292 281 0
p 299 265 303 285 0
l 299 265 311 285 0
u 313 269 321 281 0
s 322 269 330 281 0
c 335 269 343 281 0
' 345 280 346 285 0
e 348 269 357 281 0
s 358 269 366 281 0
t 367 269 371 284 0
b 377 269 386 285 0
e 388 269 396 281 0
a 397 269 406 281 0
u 407 269 416 281 0
c 418 269 426 281 0
o 427 269 437 281 0
u 438 269 447 281 0
p 449 265 458 281 0
I 34 184 38 205 0
n 42 184 56 199 0
g 59 178 73 199 0
r 77 184 86 199 0
é 87 183 102 205 0
d 104 183 118 205 0
i 122 184 127 205 0
e 129 183 144 199 0
n 146 184 160 199 0
t 162 183 172 203 0
s 172 183 186 199 0
: 198 184 203 199 0
E 216 184 232 205 0
a 235 183 248 200 0
u 252 183 265 199 0
+ 277 190 284 198 0
L 296 184 309 205 0
a 311 183 325 200 0
i 329 184 332 205 0
t 334 183 341 204 0
2 351 184 365 205 0
% 368 183 391 205 0
* 403 190 410 198 0
F 422 184 437 205 0
a 439 183 453 200 0
r 457 184 465 200 0
i 466 184 469 205 0
n 473 184 486 200 0
e 489 183 503 200 0
d 513 183 527 205 0
e 530 183 545 200 0
b 34 144 47 166 0
l 50 145 53 166 0
é 56 144 70 166 0
* 81 151 89 159 0
H 101 145 118 166 0
u 122 144 135 160 0
i 138 145 141 166 0
l 145 145 148 166 0
e 151 144 165 161 0
v 175 145 189 160 0
é 190 144 205 166 0
g 207 138 221 161 0
é 223 144 238 166 0
t 239 144 247 165 0
a 248 144 262 161 0
l 266 145 269 166 0
e 271 144 286 161 0
c 296 144 310 161 0
a 311 144 325 161 0
n 329 145 341 161 0
o 344 144 359 161 0
l 362 145 365 166 0
a 368 144 381 161 0
» 393 151 400 159 0
B 412 145 428 166 0
a 431 144 445 161 0
s 448 144 461 161 0
e 462 144 477 161 0
d 487 144 501 166 0
e 504 144 518 161 0
h 34 106 46 128 0
o 49 106 64 122 0
m 67 106 88 122 0
a 81 106 96 128 0
r 91 106 104 122 0
d 108 106 131 128 0
( 143 100 150 128 0
s 160 106 173 122 0
o 175 106 189 122 0
u 192 106 205 122 0
p 201 100 216 122 0
e 209 100 223 122 0
, 225 102 246 122 0
b 259 106 272 128 0
o 274 106 289 122 0
u 282 102 294 128 0
i 292 106 305 122 0
l 308 106 318 128 0
l 322 106 325 128 0
o 327 106 342 122 0
n 345 106 357 122 0
, 362 102 365 109 0
p 378 100 392 122 0
o 394 106 408 122 0
i 411 106 414 128 0
s 417 106 430 122 0
s 432 106 445 122 0
o 447 106 461 122 0
n 464 106 477 122 0
) 481 100 488 128 0
« 498 113 506 120 0
B 34 68 50 89 0
e 52 67 67 84 0
u 60 67 77 89 0
r 70 67 83 83 0
r 87 68 105 84 0
e 105 67 120 84 0
N 727 1302 755 1336 0
u 751 1301 772 1336 0
t 761 1301 784 1327 0
r 788 1301 803 1334 0
i 806 1302 831 1336 0
t 835 1301 860 1336 0
i 857 1301 879 1336 0
o 865 1301 891 1327 0
n 896 1302 918 1327 0
F 938 1302 962 1336 0
a 965 1301 988 1327 0
c 992 1301 1015 1327 0
t 1017 1301 1032 1335 0
s 1033 1301 1057 1327 0
P 726 1252 745 1276 0
e 741 1251 755 1276 0
r 747 1251 777 1270 0
% 787 1251 813 1276 0
c 824 1251 840 1270 0
u 842 1251 857 1270 0
p 861 1245 876 1270 0
( 889 1245 897 1276 0
1 901 1252 911 1276 0
2 918 1252 934 1276 0
5 937 1251 953 1276 0
m 966 1252 990 1270 0
l 982 1245 995 1276 0
) 994 1245 1009 1276 0
C 729 1192 752 1219 0
a 755 1191 773 1211 0
l 777 1192 782 1218 0
o 786 1191 806 1211 0
r 798 1191 816 1219 0
i 809 1192 829 1218 0
e 832 1191 850 1211 0
s 852 1191 870 1211 0
1 884 1192 896 1218 0
9 903 1191 921 1218 0
0 924 1191 941 1218 0
% 1150 1185 1167 1202 0
D 1176 1186 1189 1202 0
a 1185 1182 1195 1202 0
i 1191 1186 1201 1198 0
l 1204 1186 1213 1202 0
y 1215 1182 1225 1198 0
V 1233 1186 1247 1202 0
a 1247 1186 1258 1198 0
l 1260 1186 1264 1202 0
u 1266 1186 1277 1198 0
e 1279 1186 1290 1198 0
* 1297 1195 1304 1202 0
— 719 1168 775 1188 0
— 774 1168 789 1188 0
F 730 1134 744 1155 0
a 746 1134 760 1150 0
t 762 1134 771 1154 0
1 782 1134 790 1156 0
2 797 1134 811 1156 0
g 822 1128 835 1150 0
1 1240 1135 1248 1157 0
6 1254 1135 1269 1157 0
% 1280 1135 1303 1157 0
S 754 1095 771 1117 0
a 768 1095 780 1117 0
t 774 1095 797 1116 0
u 799 1095 812 1111 0
r 816 1096 824 1112 0
a 825 1095 839 1112 0
t 841 1095 848 1116 0
e 850 1095 864 1112 0
d 866 1095 880 1117 0
3 891 1095 905 1117 0
. 909 1096 912 1099 0
5 916 1095 930 1117 0
g 941 1089 954 1112 0
1 1240 1078 1248 1099 0
2 1254 1078 1268 1099 0
% 1280 1078 1298 1100 0
+ 758 1060 772 1074 0
T 783 1057 800 1078 0
r 803 1057 811 1073 0
a 812 1056 825 1073 0
n 829 1057 842 1073 0
s 845 1056 858 1073 0
0 868 1056 882 1078 0
. 886 1057 889 1060 0
3 893 1056 907 1078 0
g 917 1050 931 1073 0
° 1294 1078 1303 1089 0
P 755 1018 771 1039 0
o 774 1018 788 1034 0
l 791 1018 794 1039 0
y 796 1012 810 1034 0
u 812 1018 825 1034 0
n 823 1012 836 1039 0
s 829 1018 842 1034 0
a 845 1018 858 1034 0
t 860 1018 874 1034 0
u 875 1018 883 1039 0
r 885 1018 898 1034 0
a 902 1018 925 1034 0
t 927 1018 935 1039 0
e 936 1018 950 1034 0
d 952 1018 966 1039 0
2 977 1018 991 1039 0
. 995 1018 998 1021 0
5 1002 1018 1016 1039 0
g 1027 1012 1040 1034 0
O 779 979 799 1001 0
m 802 979 824 995 0
e 817 973 832 1001 0
g 826 979 841 995 0
a 843 973 857 995 0
- 860 979 874 995 0
6 876 979 900 1000 0
P 912 979 928 1000 0
o 922 973 937 1000 0
l 931 979 951 1000 0
y 953 973 967 995 0
u 970 979 982 995 0
n 986 979 999 995 0
s 1002 979 1015 995 0
a 1009 973 1024 1000 0
t 1017 979 1031 995 0
u 1033 979 1055 999 0
r 1059 979 1067 995 0
a 1068 979 1082 995 0
t 1084 979 1092 1000 0
e 1093 979 1108 995 0
d 1109 979 1123 1000 0
2 1134 979 1148 1000 0
g 1159 973 1173 995 0
O 779 940 799 962 0
m 802 940 824 956 0
e 817 934 832 962 0
g 826 940 841 956 0
a 843 934 874 956 0
- 876 946 884 949 0
3 886 940 900 961 0
P 912 940 928 961 0
o 931 940 945 956 0
l 948 940 951 961 0
y 953 934 967 956 0
u 970 940 982 956 0
n 986 940 999 956 0
s 1002 940 1015 956 0
a 1009 934 1024 961 0
t 1017 940 1031 956 0
u 1033 940 1055 960 0
r 1059 940 1067 956 0
a 1068 940 1082 956 0
t 1084 940 1092 961 0
e 1093 940 1108 956 0
d 1109 940 1123 961 0
1 1136 940 1144 961 0
g 1159 934 1173 956 0
M 755 901 775 922 0
o 771 901 786 922 0
n 779 901 809 917 0
o 812 901 826 917 0
u 821 901 836 922 0
n 829 901 842 917 0
s 846 901 858 917 0
a 861 901 874 917 0
t 876 901 890 917 0
u 892 901 900 922 0
r 902 901 915 917 0
a 918 901 927 917 0
t 928 901 951 922 0
e 952 901 967 917 0
d 969 901 982 922 0
5 994 901 1008 922 0
. 1012 901 1015 904 0
0 1019 901 1033 922 0
g 1043 895 1057 917 0
C 729 853 747 875 0
a 750 853 764 869 0
r 767 853 776 869 0
b 778 853 793 874 0
o 795 853 811 869 0
h 814 853 827 874 0
y 830 847 844 869 0
d 846 853 861 874 0
r 854 847 866 875 0
a 865 853 874 869 0
t 875 853 900 873 0
e 901 853 915 869 0
1 927 853 935 875 0
5 942 853 956 875 0
g 966 847 980 869 0
F 755 813 770 835 0
i 773 813 776 835 0
b 779 813 793 835 0
r 796 813 804 829 0
e 805 813 820 829 0
0 854 813 855 829 0
g 854 807 868 829 0
S 754 776 771 798 0
u 774 776 787 792 0
g 790 770 804 792 0
a 798 770 813 798 0
r 807 776 820 792 0
s 824 776 846 792 0
3 857 776 871 798 0
g 881 770 895 792 0
P 730 730 746 751 0
r 741 729 754 751 0
o 749 729 775 745 0
t 769 729 782 751 0
e 776 729 801 749 0
i 804 730 808 751 0
n 812 730 826 745 0
4 836 730 851 751 0
g 861 723 875 746 0
C 729 675 747 697 0
h 743 675 758 697 0
o 751 675 765 696 0
l 768 675 783 691 0
e 786 675 790 696 0
s 793 675 808 691 0
t 809 675 834 695 0
e 830 675 842 697 0
r 835 675 861 691 0
o 862 675 878 691 0
l 881 675 885 696 0
1 898 675 906 697 0
5 913 675 927 697 0
m 938 675 960 691 0
g 962 669 976 691 0
S 729 629 746 651 0
o 748 629 764 645 0
d 766 629 781 651 0
i 785 630 789 651 0
u 793 629 806 645 0
m 810 630 832 645 0
4 843 630 858 651 0
5 860 629 874 651 0
m 886 630 907 646 0
g 909 623 923 646 0
a 728 604 1305 615 0
P 730 566 746 588 0
o 749 566 763 582 0
t 765 566 772 587 0
a 774 566 787 582 0
s 790 566 803 582 0
s 805 566 818 582 0
i 821 566 840 588 0
u 834 566 849 588 0
m 844 566 865 582 0
1 879 566 887 588 0
1 895 566 903 588 0
0 910 566 924 588 0
m 935 566 957 582 0
g 959 560 973 582 0
C 729 516 748 538 0
a 750 516 764 532 0
l 768 516 771 538 0
c 774 516 787 532 0
i 789 516 792 538 0
u 796 516 809 532 0
m 812 516 834 532 0
9 845 516 859 538 0
6 861 516 876 538 0
m 887 516 908 532 0
g 911 510 924 532 0
I 730 466 733 488 0
r 738 466 746 482 0
o 747 466 761 482 0
n 764 466 777 482 0
1 795 466 799 488 0
m 814 466 836 482 0
g 838 460 852 482 0
V 728 418 747 440 0
i 750 418 753 440 0
t 755 418 777 439 0
a 772 418 784 440 0
m 781 418 803 434 0
i 806 418 809 440 0
n 812 418 825 434 0
B 838 418 854 440 0
- 856 425 865 427 0
6 866 418 881 440 0
0 891 418 905 440 0
m 917 418 938 434 0
g 941 412 954 434 0
V 728 368 747 390 0
i 750 368 753 390 0
t 755 368 762 389 0
a 764 368 777 384 0
m 781 368 803 384 0
i 806 368 809 390 0
n 812 368 825 384 0
B 838 368 854 390 0
- 856 375 865 378 0
1 868 368 876 390 0
2 883 368 897 390 0
0 908 368 922 390 0
u 934 362 947 384 0
g 949 362 963 384 0
P 730 319 746 340 0
a 744 318 757 340 0
n 749 318 763 335 0
t 766 318 789 339 0
o 790 318 804 335 0
t 806 318 814 339 0
h 816 319 829 340 0
e 831 318 846 335 0
n 843 318 856 340 0
a 849 319 862 335 0
t 865 318 888 339 0
0 898 318 912 340 0
m 923 319 945 335 0
g 947 312 961 335 0
* 728 279 734 285 0
5 740 269 749 285 0
% 750 269 764 285 0
o 770 269 775 281 0
r 770 269 785 281 0
l 791 270 792 285 0
e 794 269 803 281 0
s 801 269 807 285 0
s 804 269 820 281 0
i 827 269 828 281 0
s 827 269 838 281 0
a 844 269 853 281 0
l 859 270 862 285 0
i 864 270 867 285 0
t 866 267 874 285 0
t 868 269 879 284 0
l 880 270 883 285 0
e 885 269 893 281 0
, 895 267 897 272 0
1 905 270 910 285 0
5 914 269 922 285 0
% 924 269 937 285 0
o 944 269 952 281 0
r 954 270 959 281 0
m 964 270 977 281 0
o 975 269 983 281 0
r 978 269 987 281 0
e 989 269 1003 281 0
i 1009 270 1011 285 0
s 1013 269 1020 281 0
a 1026 269 1035 281 0
l 1042 270 1044 285 0
o 1046 269 1055 281 0
t 1056 269 1062 284 0
I 721 184 726 205 0
n 730 184 743 199 0
g 746 178 761 199 0
r 765 184 774 199 0
e 775 183 790 199 0
d 791 183 806 205 0
i 810 184 814 205 0
e 817 183 831 199 0
n 834 184 848 199 0
t 843 178 855 205 0
s 850 183 874 204 0
: 886 184 890 199 0
W 902 184 930 205 0
a 924 183 936 205 0
t 931 183 954 204 0
e 955 183 970 200 0
r 973 184 981 200 0
* 991 190 998 198 0
M 1010 184 1030 205 0
i 1035 184 1038 205 0
l 1041 184 1044 205 0
k 1048 184 1060 205 0
2 1070 184 1084 205 0
% 1087 183 1111 205 0
* 1122 190 1130 198 0
W 1139 184 1167 205 0
h 1169 184 1182 205 0
e 1185 183 1199 200 0
a 1194 183 1206 205 0
t 1201 183 1225 204 0
f 720 145 729 166 0
l 730 145 733 166 0
o 736 144 750 161 0
u 753 144 766 160 0
r 769 145 778 161 0
* 787 151 795 159 0
V 805 145 824 166 0
e 825 144 840 161 0
g 842 138 855 161 0
e 858 144 873 161 0
t 874 144 882 165 0
a 883 144 897 161 0
b 891 138 905 166 0
l 901 144 914 166 0
e 917 144 938 166 0
o 948 144 962 161 0
i 965 145 968 166 0
l 972 145 975 166 0
c 986 144 999 161 0
a 1001 144 1015 161 0
n 1018 145 1031 161 0
o 1034 144 1048 161 0
l 1051 145 1054 166 0
a 1057 144 1071 161 0
+ 1086 151 1090 159 0
L 1102 145 1115 166 0
o 1117 144 1131 161 0
b 1135 144 1148 166 0
s 1150 144 1163 161 0
t 1164 144 1172 165 0
e 1173 144 1188 161 0
r 1191 145 1199 161 0
b 721 106 735 128 0
a 737 106 751 122 0
s 754 106 767 122 0
e 768 106 783 122 0
( 794 100 801 128 0
s 812 106 825 122 0
o 827 106 841 122 0
u 844 106 857 122 0
p 852 100 864 122 0
, 860 100 881 122 0
b 894 102 900 128 0
r 894 106 907 128 0
o 910 106 934 122 0
t 927 102 939 128 0
h 935 106 943 127 0
, 945 102 965 128 0
f 976 106 985 128 0
i 986 106 989 128 0
s 992 106 1005 122 0
h 1008 106 1020 128 0
) 1025 100 1032 128 0
* 1042 113 1050 120 0
B 1062 106 1078 128 0
u 1081 106 1094 122 0
t 1092 106 1104 128 0
t 1096 106 1112 127 0
e 1113 106 1128 122 0
r 1131 106 1139 122 0
~ 19 45 1329 1366 0
