S 201 988 222 1040 0
B 227 989 249 1039 0
S 253 988 274 1040 0
T 287 989 308 1039 0
O 311 988 332 1040 0
M 338 989 366 1039 0
E 372 989 390 1039 0
9 405 988 426 1040 0
6 432 988 453 1040 0
P 468 989 489 1039 0
A 491 989 514 1039 0
G 518 988 539 1040 0
E 544 989 562 1039 0
3 577 988 598 1040 0
‘ 17 872 18 885 0
L 17 872 26 885 0
: 23 872 26 885 0
O 33 871 38 885 0
D 30 873 60 885 0
O 46 871 53 885 0
U 52 871 59 885 0
N 61 873 68 885 0
E 65 871 72 885 0
T 69 873 75 884 0
, 75 871 83 885 0
J 87 873 94 884 0
' 95 882 97 885 0
A 97 873 104 885 0
I 105 873 107 884 0
U 111 872 118 885 0
N 119 873 126 885 0
E 127 873 132 884 0
Q 136 872 151 885 0
U 144 872 151 885 0
E 150 872 157 885 0
S 152 872 171 885 0
T 163 872 170 885 0
I 169 872 176 885 0
O 175 872 182 885 0
N 172 873 190 885 0
! 194 872 196 884 0
! 197 872 199 884 0
I 204 872 207 885 0
L 203 872 213 885 0
Y 216 873 223 885 0
A 226 873 234 885 0
P 237 872 245 885 0
L 237 872 257 885 0
E 250 872 255 885 0
I 258 873 260 884 0
N 261 873 268 885 0
D 272 873 278 885 0
E 279 873 285 884 0
P 289 873 295 885 0
E 296 872 309 885 0
R 304 872 311 885 0
S 310 872 324 885 0
O 319 872 326 885 0
N 325 873 332 885 0
N 333 873 340 885 0
A 340 872 347 885 0
G 340 873 362 885 0
E 352 872 361 885 0
S 363 872 369 885 0
P 373 873 387 885 0
O 381 872 388 885 0
R 388 872 395 885 0
T 388 872 401 885 0
A 402 872 409 885 0
N 401 873 416 885 0
T 417 873 423 884 0
L 17 852 23 864 0
E 24 852 30 864 0
N 34 852 42 864 0
O 34 852 60 864 0
M 49 852 57 864 0
S 64 852 70 865 0
H 71 852 78 864 0
I 78 852 81 864 0
M 84 850 91 865 0
O 82 852 100 864 0
T 97 850 104 865 0
S 100 852 106 864 0
U 107 852 121 864 0
K 119 850 126 865 0
I 122 852 128 864 0
, 129 850 135 864 0
C 145 852 150 864 0
O 139 852 164 864 0
M 155 852 163 864 0
M 165 852 175 864 0
E 176 852 182 864 0
Y 185 852 192 864 0
A 192 850 200 865 0
S 192 852 206 865 0
U 205 850 211 865 0
I 207 852 214 864 0
E 215 850 227 864 0
, 223 850 227 865 0
R 231 851 237 864 0
Y 238 852 252 864 0
U 246 850 254 864 0
M 253 850 260 864 0
A 253 852 271 864 0
, 272 850 274 854 0
K 279 851 286 865 0
O 278 852 292 864 0
Z 293 852 307 864 0
A 301 851 308 865 0
B 308 852 314 865 0
U 315 852 322 864 0
R 323 851 329 864 0
O 330 852 337 864 0
O 341 852 348 864 0
U 349 852 356 864 0
G 359 851 367 864 0
Y 366 851 375 864 0
U 359 852 389 864 0
K 381 851 388 864 0
I 390 852 392 864 0
M 393 852 403 864 0
A 400 851 408 864 0
R 404 852 411 864 0
U 412 851 418 864 0
. 422 851 427 864 0
. 419 852 435 864 0
. 431 851 435 864 0
E 17 832 23 844 0
S 24 831 31 844 0
T 31 832 37 844 0
- 37 836 41 839 0
C 42 832 48 844 0
E 49 832 55 844 0
Q 59 831 66 844 0
U 67 832 74 844 0
I 75 841 77 845 0
L 78 832 87 844 0
S 88 831 94 844 0
O 99 832 104 844 0
N 98 832 113 844 0
T 114 832 120 844 0
U 125 832 130 844 0
N 124 832 139 844 0
L 142 832 148 844 0
I 149 832 151 844 0
E 152 832 158 844 0
N 159 832 166 844 0
A 169 832 177 844 0
V 177 832 184 844 0
E 183 832 191 844 0
C 185 832 198 844 0
L 202 832 207 844 0
E 201 832 214 844 0
V 217 832 225 844 0
I 226 832 228 844 0
L 230 832 235 844 0
L 234 832 242 844 0
A 229 832 257 844 0
G 248 832 256 844 0
E 258 832 264 844 0
O 267 832 275 844 0
U 276 832 283 847 0
A 286 832 294 844 0
G 297 832 305 844 0
R 307 831 312 844 0
A 305 831 320 844 0
N 321 832 328 844 0
D 325 831 333 844 0
! 329 832 338 844 0
Z 342 832 348 844 0
O 348 832 356 844 0
R 357 831 363 844 0
O 363 830 368 844 0
, 364 830 374 844 0
‘ 21 810 22 824 0
S 21 811 27 824 0
H 27 810 34 824 0
I 28 811 38 823 0
M 39 810 49 824 0
O 39 811 63 824 0
T 54 810 63 824 0
S 62 810 70 824 0
U 64 811 78 824 0
K 75 810 82 824 0
I 79 811 85 823 0
, 86 810 91 823 0
O 95 811 110 823 0
U 104 811 110 823 0
S 117 811 124 824 0
O 114 811 136 824 0
N 129 811 136 824 0
M 141 810 149 824 0
A 140 811 159 824 0
I 154 810 161 824 0
T 159 811 168 823 0
R 169 811 175 824 0
E 173 810 180 824 0
, 176 810 185 823 0
K 189 811 196 823 0
O 196 812 203 823 0
S 204 811 210 824 0
H 211 811 218 823 0
I 219 812 221 823 0
R 222 811 228 824 0
O 229 811 237 823 0
‘ 17 790 18 806 0
A 17 790 25 806 0
P 17 790 39 803 0
R 31 790 39 806 0
E 38 790 46 806 0
S 40 791 53 806 0
T 57 791 63 803 0
O 64 790 69 803 0
U 63 791 78 803 0
T 75 790 81 803 0
, 79 790 87 803 0
Z 92 790 97 803 0
O 97 790 104 803 0
R 91 790 120 803 0
O 123 791 131 803 0
A 122 782 128 810 0
B 135 791 139 804 0
I 135 791 141 804 0
E 142 791 151 803 0
N 152 791 159 803 0
D 163 791 169 803 0
I 170 791 172 803 0
T 173 791 179 803 0
Q 183 791 190 803 0
U 191 791 201 804 0
' 197 791 202 804 0
U 202 791 209 804 0
N 202 791 216 803 0
V 220 791 227 803 0
I 228 791 230 803 0
E 232 791 237 803 0
U 231 791 244 803 0
X 245 791 252 803 0
D 256 791 262 803 0
U 263 791 270 803 0
V 274 791 279 803 0
I 273 791 297 803 0
L 286 791 291 803 0
L 290 791 298 803 0
A 297 791 305 803 0
G 298 791 313 803 0
E 314 791 320 803 0
L 325 791 331 803 0
U 323 791 337 803 0
I 338 791 340 803 0
A 344 791 352 803 0
V 351 791 358 803 0
A 358 791 366 803 0
I 365 791 370 803 0
T 366 791 375 803 0
‘ 17 770 18 783 0
A 17 770 25 783 0
P 24 770 30 783 0
P 17 770 46 783 0
R 38 770 44 783 0
I 47 771 49 783 0
S 50 770 57 783 0
L 61 770 73 783 0
E 69 770 73 783 0
M 77 770 87 783 0
O 88 771 95 783 0
T 96 771 101 783 0
" 106 779 111 784 0
S 111 770 118 783 0
N 118 769 125 784 0
A 119 771 134 783 0
T 134 771 139 783 0
C 138 769 146 784 0
H 140 770 154 783 0
’ 153 769 156 784 0
, 155 769 162 784 0
E 166 771 171 782 0
T 172 771 178 782 0
V 181 771 196 783 0
O 190 770 198 783 0
U 197 771 204 783 0
S 205 770 211 783 0
A 214 771 222 783 0
V 223 771 228 783 0
E 222 771 243 783 0
Z 234 771 242 783 0
R 246 770 253 783 0
E 254 771 260 786 0
V 260 770 268 786 0
E 260 771 274 786 0
L 272 770 279 786 0
E 274 770 287 786 0
D 293 770 298 783 0
A 291 770 313 783 0
N 304 770 312 783 0
S 314 770 320 783 0
L 324 770 331 783 0
E 324 771 336 783 0
S 337 770 344 783 0
S 348 770 354 783 0
B 355 771 362 783 0
S 363 770 370 783 0
D 374 771 380 783 0
U 373 771 387 783 0
‘ 17 750 18 762 0
T 17 750 24 762 0
O 24 750 31 762 0
M 32 750 42 762 0
E 43 750 49 762 0
9 53 750 59 763 0
2 60 750 66 762 0
Q 70 750 77 762 0
U 78 750 84 763 0
' 78 750 88 763 0
U 90 750 96 763 0
N 89 750 103 762 0
N 107 750 114 762 0
A 115 750 122 762 0
V 122 750 132 762 0
I 129 749 134 762 0
R 133 749 140 762 0
E 141 750 147 762 0
D 150 750 157 762 0
E 158 750 164 762 0
W 167 750 178 762 0
A 177 750 185 762 0
N 178 750 193 762 0
O 194 750 201 762 0
E 205 750 209 765 0
T 205 750 217 765 0
A 217 750 227 762 0
I 223 750 229 765 0
T 228 750 234 762 0
V 237 750 245 762 0
E 246 750 251 762 0
N 252 750 259 762 0
U 260 750 267 762 0
A 270 750 278 766 0
E 283 749 289 762 0
A 282 749 303 762 0
S 295 749 303 762 0
T 303 750 309 762 0
B 313 750 320 763 0
L 321 750 327 762 0
U 327 750 334 762 0
E 335 750 341 762 0
! 344 750 347 761 0
P 18 733 24 743 0
a 25 733 31 740 0
r 33 733 37 741 0
Y 42 733 49 743 0
a 49 733 55 744 0
- 57 736 60 737 0
k 62 733 68 743 0
u 69 733 75 740 0
n 77 733 83 740 0
: 17 699 31 710 0
O 39 700 50 710 0
U 49 699 57 710 0
I 51 699 61 710 0
. 62 699 68 710 0
S 76 699 86 710 0
| 87 699 89 710 0
V 96 699 116 710 0
O 108 699 117 710 0
U 117 699 127 710 0
S 128 699 138 710 0
L 145 699 152 710 0
I 153 699 155 710 0
S 156 699 165 710 0
E 167 699 174 711 0
Z 175 699 184 710 0
A 190 699 200 710 0
V 198 699 216 711 0
E 209 699 218 711 0
C 217 699 227 710 0
A 233 699 243 710 0
T 242 699 251 711 0
T 242 699 266 711 0
E 258 699 267 711 0
N 266 699 277 711 0
T 268 699 289 710 0
I 284 699 293 711 0
O 290 700 301 710 0
N 299 699 308 711 0
, 302 699 316 710 0
C 323 699 333 710 0
' 334 705 336 711 0
E 337 699 344 711 0
S 345 699 355 710 0
T 355 699 364 710 0
Q 18 682 28 693 0
U 30 682 39 693 0
E 41 682 48 694 0
L 49 682 56 693 0
Q 57 682 68 693 0
U 69 682 79 693 0
E 80 682 87 694 0
C 94 682 104 694 0
H 105 682 114 693 0
O 114 682 126 694 0
S 114 682 136 693 0
E 137 682 144 694 0
Q 151 682 162 693 0
U 163 682 173 693 0
E 174 682 182 694 0
V 188 682 198 693 0
O 197 683 208 693 0
U 209 682 219 693 0
S 220 682 230 693 0
P 236 682 247 694 0
O 236 682 257 693 0
U 258 682 267 693 0
V 264 682 275 694 0
E 268 682 286 694 0
Z 287 682 295 693 0
D 302 682 312 693 0
E 313 682 320 694 0
V 321 682 330 693 0
I 331 683 333 693 0
N 334 682 344 693 0
E 346 682 353 694 0
R 354 682 363 693 0
. 365 683 367 685 0
L 18 665 25 677 0
A 18 665 35 677 0
I 36 666 38 676 0
S 39 665 49 676 0
S 50 665 59 676 0
E 61 665 68 677 0
Z 69 665 77 676 0
- 78 670 84 673 0
M 86 665 97 676 0
O 98 666 109 676 0
l 110 666 112 677 0
V 119 665 129 676 0
O 128 666 139 676 0
U 141 665 150 676 0
S 151 665 161 676 0
E 168 665 175 677 0
X 176 665 185 677 0
P 181 665 193 677 0
L 185 665 202 676 0
I 203 666 205 676 0
Q 206 665 217 676 0
U 218 665 228 676 0
E 225 665 234 677 0
R 229 665 247 677 0
! 254 664 259 678 0
V 17 649 27 660 0
O 26 649 38 659 0
I 33 649 41 660 0
C 39 649 51 660 0
I 53 649 55 660 0
H 62 648 81 660 0
I 83 649 85 660 0
S 86 649 96 659 0
T 96 648 105 660 0
O 104 649 115 660 0
I 116 649 118 660 0
R 120 648 129 660 0
E 130 648 138 660 0
D 144 648 154 660 0
E 155 648 162 660 0
K 170 649 178 660 0
O 178 649 189 660 0
Z 190 648 209 660 0
A 200 648 211 660 0
B 209 648 229 660 0
U 220 648 231 660 0
R 230 648 239 660 0
O 240 649 251 660 0
S 258 648 267 659 0
H 269 648 277 660 0
I 279 649 281 660 0
M 283 648 294 660 0
O 293 648 303 660 0
T 295 648 315 660 0
S 315 649 324 659 0
U 323 648 331 660 0
K 325 649 335 659 0
I 337 649 348 660 0
, 350 648 353 653 0
F 18 632 25 643 0
O 25 632 36 643 0
R 37 632 46 643 0
G 47 632 59 643 0
E 60 632 67 643 0
R 68 631 77 643 0
O 78 632 89 643 0
N 90 631 100 643 0
E 107 632 110 643 0
T 107 632 123 643 0
E 129 632 136 646 0
P 135 631 143 646 0
E 138 631 155 646 0
I 156 632 158 643 0
S 160 632 169 643 0
T 170 632 178 643 0
E 179 632 186 643 0
. 188 632 190 635 0
~ 444 620 790 887 0
~ 39 563 428 574 0
~ 342 470 470 545 0
~ 426 454 430 569 0
~ 335 454 338 569 0
~ 572 453 576 566 0
~ 202 454 207 569 0
~ 289 453 293 569 0
~ 161 455 165 568 0
~ 38 450 575 460 0
~ 38 422 756 436 0
~ 209 388 217 397 0
~ 364 359 366 363 0
~ 445 332 643 433 0
~ 664 350 672 363 0
~ 664 363 692 364 0
~ 664 364 733 432 0
~ 673 350 692 363 0
I 67 538 68 549 0
L 70 538 77 549 0
F 84 538 91 550 0
O 91 539 102 549 0
R 103 538 112 549 0
G 113 538 125 549 0
E 126 538 133 549 0
e 359 546 386 556 0
e 387 546 405 555 0
s 406 546 414 555 0
D 482 539 492 550 0
E 493 540 500 553 0
B 501 540 510 550 0
A 510 540 520 550 0
R 521 539 530 550 0
Q 531 539 541 550 0
U 543 539 552 550 0
E 554 539 561 551 0
E 56 521 63 532 0
N 64 521 74 532 0
M 75 521 86 532 0
A 87 521 97 532 0
e 104 521 111 532 0
T 112 521 120 532 0
E 126 521 133 532 0
N 135 521 144 532 0
| 164 512 169 533 0
_ 168 512 181 533 0
N 164 512 202 533 0
\ 186 512 195 533 0
| 194 512 202 533 0
I 217 526 219 536 0
K 221 525 228 536 0
P 235 525 243 536 0
R 244 525 253 536 0
E 255 525 262 536 0
N 263 525 273 536 0
D 274 525 284 536 0
M 483 522 494 533 0
E 496 522 503 534 0
N 505 522 514 533 0
T 515 522 523 533 0
S 529 517 538 533 0
U 540 522 549 533 0
R 551 522 560 533 0
r 53 500 62 516 0
a 60 504 69 515 0
i 71 504 81 515 0
c 87 499 98 515 0
a 97 504 107 516 0
g 108 504 117 515 0
e 118 504 126 516 0
a 126 504 136 516 0
u 137 504 146 515 0
[ 164 502 169 503 0
_ 164 502 182 503 0
> 189 495 201 530 0
| 200 495 207 530 0
L 212 508 218 519 0
A 219 508 228 519 0
M 236 508 246 519 0
e 248 508 255 519 0
R 257 508 266 519 0
I 273 509 275 519 0
L 277 508 283 519 0
U 494 506 503 516 0
N 505 505 514 517 0
E 516 506 523 517 0
1 531 506 532 517 0
L 534 505 541 516 0
2 542 505 549 517 0
A 55 488 64 499 0
V 71 487 78 498 0
H 78 487 90 499 0
E 92 488 99 499 0
R 97 487 105 499 0
I 101 487 113 499 0
T 114 488 122 499 0
I 123 488 125 499 0
E 126 487 134 499 0
R 135 488 144 498 0
Y 223 492 231 502 0
A 237 491 246 502 0
S 248 482 262 502 0
S 264 492 272 502 0
D 496 489 506 500 0
I 508 495 510 501 0
E 511 489 518 500 0
A 519 489 528 500 0
S 529 489 539 500 0
T 539 489 548 500 0
D 53 471 63 482 0
E 64 471 71 482 0
S 72 471 82 482 0
K 89 471 97 482 0
O 98 471 109 482 0
Z 110 471 118 482 0
U 119 471 128 481 0
K 126 471 135 482 0
I 130 471 142 482 0
, 144 473 146 475 0
A 226 475 235 486 0
N 237 474 246 486 0
S 248 475 257 481 0
| 263 473 268 487 0
B 503 472 512 483 0
L 513 472 520 483 0
U 521 472 531 483 0
E 533 472 540 483 0
S 52 406 59 414 0
A 60 406 67 414 0
U 68 406 75 414 0
V 76 406 83 414 0
E 84 406 89 415 0
T 90 406 97 414 0
A 96 406 103 414 0
S 104 406 113 414 0
E 114 406 120 414 0
A 189 403 197 412 0
L 198 402 204 412 0
O 205 403 214 412 0
R 215 402 222 412 0
S 223 402 231 412 0
Q 238 402 246 411 0
U 248 402 256 411 0
I 260 403 262 412 0
L 264 402 269 412 0
I 347 397 348 406 0
L 350 397 355 406 0
c 361 401 369 406 0
h 371 397 378 406 0
o 379 397 388 406 0
l 390 397 391 406 0
s 393 404 400 406 0
i 402 397 403 406 0
t 404 397 411 406 0
0 416 397 432 407 0
D 56 392 63 401 0
E 64 392 70 401 0
P 75 392 82 401 0
E 83 393 88 401 0
G 89 392 99 401 0
U 100 392 107 401 0
S 111 385 117 388 0
E 192 388 198 398 0
N 200 388 208 397 0
S 206 388 215 398 0
E 215 388 222 398 0
I 218 388 227 397 0
G 229 388 239 397 0
N 240 388 248 397 0
A 246 388 254 398 0
I 249 388 259 397 0
T 261 388 268 397 0
S 362 397 369 400 0
T 368 397 369 400 0
E 368 397 369 400 0
R 368 397 369 400 0
\ 392 397 400 403 0
9 53 369 61 388 0
6 62 369 69 388 0
5 68 379 76 388 0
M 81 366 90 388 0
A 91 366 98 388 0
N 99 379 109 388 0
S 111 379 118 384 0
L 175 374 181 383 0
E 181 374 190 384 0
S 191 377 199 383 0
C 199 373 208 384 0
R 210 373 217 383 0
I 219 374 220 383 0
M 222 373 231 383 0
E 233 374 239 383 0
A 244 374 252 385 0
U 259 374 266 383 0
N 268 373 276 383 0
e 274 373 280 383 0
| 277 374 283 383 0
B 342 368 352 392 0
E 349 368 360 392 0
S 361 375 372 392 0
T 370 368 383 392 0
e 407 368 428 392 0
e 427 368 436 392 0
g 47 353 63 374 0
g 63 356 69 368 0
e 70 356 82 374 0
u 83 353 92 361 0
s 91 353 96 374 0
e 93 353 110 374 0
r 106 353 115 374 0
s 110 356 124 374 0
L 133 343 141 388 0
L 140 343 152 388 0
) 151 343 171 388 0
M 179 359 187 368 0
i 188 359 189 368 0
u 191 359 197 368 0
t 196 359 205 369 0
a 204 359 216 369 0
e 213 359 223 369 0
z 219 359 227 369 0
o 224 359 241 369 0
i 242 359 243 369 0
s 245 359 253 368 0
e 254 359 263 369 0
v 358 353 373 372 0
e 374 353 392 363 0
e 393 354 411 363 0
r 412 354 428 371 0
w 654 349 661 359 0
a 654 349 673 359 0
e 692 350 726 359 0
o 732 350 740 359 0
e 741 350 747 359 0
T 64 353 69 355 0
A 67 340 75 355 0
G 71 340 83 355 0
N 81 340 92 355 0
E 91 340 99 355 0
S 100 340 107 348 0
: 105 340 107 355 0
E 197 345 203 354 0
N 205 344 213 354 0
T 219 345 226 354 0
O 226 345 235 354 0
M 236 344 245 354 0
B 246 345 254 354 0
E 255 345 261 354 0
t 345 344 349 350 0
" 429 345 434 350 0
s 651 342 658 345 0
w 701 349 702 354 0
e 711 350 718 353 0
e 720 343 726 345 0
~ 36 319 43 568 0
~ 640 313 644 429 0
~ 599 314 603 429 0
~ 130 318 134 430 0
~ 169 317 173 430 0
~ 326 314 329 429 0
~ 449 313 452 425 0
~ 491 314 493 365 0
~ 39 311 757 321 0
E 29 242 36 253 0
T 36 242 45 253 0
D 53 241 60 253 0
O 51 242 72 253 0
N 69 241 79 253 0
C 73 242 83 253 0
, 84 241 97 253 0
C 104 242 114 253 0
E 115 242 122 253 0
V 129 242 138 253 0
I 139 242 141 253 0
E 142 242 150 253 0
U 151 242 161 252 0
X 162 242 170 253 0
D 179 241 189 253 0
O 177 242 199 253 0
N 195 241 205 253 0
T 200 241 218 253 0
A 223 242 233 253 0
P 239 241 249 253 0
A 248 242 258 253 0
R 258 242 268 253 0
L 269 242 276 253 0
E 277 242 284 256 0
Z 291 242 300 253 0
O 300 242 311 253 0
R 312 242 321 253 0
O 319 241 326 253 0
, 322 241 336 253 0
C 343 242 353 253 0
' 354 248 356 254 0
E 357 242 364 253 0
S 366 242 375 253 0
T 376 242 384 253 0
B 390 242 399 253 0
I 400 242 402 253 0
E 404 242 411 253 0
N 413 242 422 253 0
K 429 242 438 253 0
O 438 242 449 253 0
Z 449 242 458 253 0
A 459 242 468 253 0
B 469 242 478 253 0
U 479 242 489 252 0
R 490 242 499 253 0
O 500 242 511 253 0
S 517 242 527 253 0
H 528 242 537 253 0
I 539 242 541 253 0
M 542 242 553 253 0
O 555 242 565 253 0
T 566 242 574 253 0
S 574 242 584 253 0
U 580 242 590 253 0
K 585 242 594 252 0
I 596 242 605 253 0
. 606 242 612 253 0
H 620 242 629 253 0
E 630 242 637 253 0
I 639 242 641 253 0
N 643 241 652 253 0
? 660 241 670 254 0
~ 348 226 376 238 0
P 28 225 36 239 0
E 28 225 45 237 0
U 47 225 56 236 0
T 57 225 66 236 0
- 65 230 71 232 0
E 73 225 80 239 0
T 80 225 90 239 0
R 81 225 99 236 0
E 100 225 107 237 0
Q 115 224 125 236 0
U 126 225 136 236 0
E 132 224 139 237 0
. 137 225 144 237 0
. 146 226 153 228 0
. 155 226 157 228 0
L 165 225 180 237 0
E 177 225 186 237 0
S 182 225 191 236 0
A 197 225 207 236 0
N 208 225 217 236 0
C 219 225 228 236 0
E 229 225 237 239 0
T 237 225 247 239 0
R 237 225 255 236 0
E 257 225 264 237 0
S 265 225 274 236 0
D 281 225 291 236 0
E 292 225 299 237 0
Z 306 225 315 236 0
O 315 225 327 236 0
R 327 225 336 236 0
O 332 225 342 236 0
. 337 226 348 236 0
x 400 220 406 222 0
y 505 220 510 222 0
L 29 208 36 219 0
I 36 214 38 220 0
H 39 208 48 219 0
I 50 209 51 219 0
S 53 208 63 219 0
T 63 208 72 220 0
O 63 208 81 219 0
I 83 209 85 219 0
R 86 208 95 219 0
E 97 208 104 220 0
D 111 208 121 219 0
E 122 208 129 220 0
K 136 209 145 220 0
O 145 209 156 219 0
Z 156 208 165 219 0
A 166 208 175 219 0
B 175 203 185 219 0
U 186 208 196 219 0
R 197 208 206 219 0
O 207 209 218 219 0
S 224 208 234 219 0
H 235 208 244 219 0
I 246 209 248 219 0
M 249 208 260 219 0
O 262 209 272 219 0
T 270 208 281 220 0
S 273 208 291 219 0
U 292 208 301 219 0
K 303 208 312 220 0
I 313 209 315 220 0
, 316 208 319 213 0
S 332 208 341 220 0
A 326 208 358 220 0
M 350 208 359 220 0
O 358 208 369 220 0
U 371 208 380 219 0
R 376 208 387 220 0
A 382 208 401 220 0
I 402 209 404 219 0
A 410 208 420 220 0
Y 420 208 428 219 0
A 427 208 437 220 0
N 438 208 447 220 0
T 448 208 457 219 0
F 462 209 469 220 0
O 470 209 480 219 0
N 481 208 491 219 0
D 490 208 498 220 0
E 492 208 511 220 0
L 518 208 525 219 0
E 526 208 533 220 0
V 539 208 549 219 0
I 550 209 551 219 0
L 553 208 560 219 0
L 561 208 568 219 0
A 569 208 578 219 0
G 579 208 591 220 0
E 592 208 599 220 0
D 606 208 616 220 0
E 617 208 624 220 0
S 29 191 38 202 0
H 39 191 48 202 0
I 50 192 52 202 0
M 53 191 65 202 0
O 63 191 75 203 0
T 66 191 95 202 0
S 84 191 93 203 0
U 96 191 106 202 0
K 102 191 111 203 0
I 107 192 116 203 0
, 117 191 123 202 0
S 130 191 140 202 0
' 138 191 144 203 0
A 141 191 153 203 0
R 153 191 162 202 0
R 164 191 173 202 0
E 174 191 181 202 0
T 182 191 190 203 0
E 191 191 198 203 0
I 206 192 208 202 0
C 209 191 218 203 0
I 220 192 221 202 0
P 229 191 249 202 0
O 244 191 253 202 0
U 250 191 260 202 0
R 261 191 270 202 0
A 276 191 286 203 0
U 287 191 296 202 0
J 297 191 306 202 0
O 307 192 318 202 0
U 319 191 328 202 0
R 330 191 339 202 0
D 337 191 346 203 0
' 340 191 354 203 0
H 355 191 364 202 0
U 365 191 375 202 0
! 376 192 378 203 0
| 385 190 390 204 0
! 390 190 395 204 0
B 402 191 411 203 0
E 412 191 419 203 0
B 420 191 429 202 0
E 430 191 438 203 0
N 439 191 449 203 0
J 455 190 457 204 0
! 455 190 465 204 0
~ 0 0 800 92 0
