| 361 732 363 780 0
m 382 747 409 767 0
o 401 747 418 767 0
n 411 747 448 767 0
c 461 747 476 767 0
e 476 747 493 767 0
r 487 747 504 767 0
v 495 748 522 766 0
e 515 747 531 767 0
a 522 747 538 767 0
u 539 747 575 767 0
: 588 747 593 764 0
~ 291 716 329 724 0
| 346 677 365 732 0
n 382 691 403 716 0
e 405 691 426 716 0
l 441 691 443 727 0
e 441 691 470 727 0
f 483 692 500 728 0
a 499 691 518 715 0
i 522 692 529 724 0
s 532 691 549 716 0
p 564 681 585 716 0
a 587 691 606 716 0
s 609 691 626 716 0
n 382 646 403 670 0
e 405 646 426 670 0
l 441 646 447 682 0
e 450 646 470 670 0
f 483 646 500 683 0
a 499 646 518 670 0
i 522 646 529 679 0
s 532 646 549 670 0
p 564 636 585 670 0
a 587 646 606 670 0
s 608 646 626 670 0
n 382 602 403 625 0
e 405 601 426 626 0
l 441 602 447 637 0
e 450 601 470 626 0
f 484 601 498 638 0
a 484 601 518 638 0
i 522 602 529 634 0
s 532 601 549 625 0
p 564 591 585 626 0
a 587 601 606 626 0
s 609 601 626 626 0
| 349 556 353 557 0
n 382 556 403 581 0
e 405 556 426 581 0
l 441 556 444 592 0
e 441 556 470 592 0
f 484 556 498 592 0
a 484 556 518 592 0
i 522 556 529 589 0
s 532 556 549 580 0
p 564 546 585 581 0
a 587 556 606 580 0
s 609 556 626 580 0
n 382 512 403 536 0
e 405 511 426 536 0
l 441 512 447 547 0
e 450 512 470 536 0
f 483 512 500 548 0
a 499 511 518 536 0
i 522 512 529 544 0
s 532 511 549 536 0
p 564 501 585 536 0
a 587 511 606 536 0
s 609 512 626 536 0
J 40 471 49 502 0
e 52 477 66 495 0
v 75 478 90 494 0
o 91 477 106 495 0
i 109 478 114 501 0
s 116 477 128 495 0
u 139 477 154 495 0
n 156 478 171 495 0
e 174 477 188 495 0
b 199 477 209 504 0
o 199 477 232 503 0
u 223 477 239 504 0
t 234 477 249 495 0
e 250 477 262 499 0
i 262 477 277 495 0
l 279 478 284 501 0
l 287 478 299 504 0
e 301 477 316 495 0
| 336 497 337 500 0
” 336 497 340 500 0
| 360 440 362 502 0
n 382 467 403 491 0
e 406 466 426 491 0
l 441 467 447 502 0
e 450 466 470 491 0
f 483 467 500 503 0
a 499 466 518 491 0
i 522 467 529 500 0
s 532 466 548 491 0
p 564 456 585 491 0
a 587 466 606 491 0
s 609 466 626 491 0
v 68 445 83 462 0
i 85 445 89 468 0
d 92 445 107 471 0
e 110 445 124 462 0
s 134 445 146 462 0
u 144 445 155 462 0
r 148 445 176 462 0
l 185 445 190 471 0
a 192 445 206 462 0
r 218 445 244 462 0
o 232 445 246 467 0
u 246 445 261 462 0
t 262 445 274 467 0
e 274 445 289 462 0
~ 0 409 360 443 0
~ 0 0 720 409 0
~ 626 409 720 443 0
