~ 78 1562 1436 2192 0
~ 78 1550 796 1562 0
~ 803 1550 1436 1562 0
~ 78 1541 452 1550 0
~ 78 1537 452 1541 0
~ 78 1525 735 1537 0
~ 833 1525 1295 1537 0
~ 833 1509 1278 1525 0
~ 833 1500 1278 1509 0
~ 836 1476 1267 1500 0
~ 78 1500 754 1509 0
~ 78 1509 754 1525 0
~ 78 1464 767 1473 0
~ 78 1473 755 1500 0
~ 771 1464 772 1473 0
~ 78 1344 1261 1377 0
~ 78 1313 1271 1344 0
~ 78 1264 1290 1313 0
~ 78 1224 730 1234 0
~ 78 1234 748 1264 0
G 237 748 253 773 0
A 237 748 269 773 0
N 277 751 297 773 0
E 295 750 313 772 0
S 321 751 339 772 0
E 339 750 358 772 0
R 353 750 367 773 0
T 358 751 397 773 0
: 382 750 397 773 0
A 234 718 252 743 0
R 261 718 282 740 0
I 281 717 298 739 0
E 294 716 313 739 0
N 312 718 332 740 0
Q 339 716 358 740 0
U 358 718 377 739 0
E 375 716 394 739 0
J 261 684 281 706 0
E 276 683 295 706 0
M 302 685 324 706 0
' 326 698 331 707 0
E 332 683 351 706 0
N 349 685 369 706 0
H 756 1506 759 1519 0
t 756 1506 765 1519 0
t 755 1485 765 1509 0
s 766 1487 772 1500 0
y 767 1511 771 1519 0
$ 766 1503 771 1510 0
{ 800 1497 803 1516 0
B 735 1454 760 1472 0
E 758 1454 784 1476 0
N 796 1460 800 1476 0
H 756 1438 772 1454 0
S 796 1431 800 1459 0
n 782 473 784 475 0
e 793 462 797 469 0
B 748 1235 759 1254 0
O 761 1234 773 1254 0
N 775 1235 787 1254 0
P 794 1235 805 1254 0
O 806 1234 818 1254 0
U 820 1234 831 1253 0
R 833 1235 843 1254 0
L 851 1235 859 1253 0
E 860 1235 871 1253 0
C 754 1201 765 1221 0
O 766 1201 779 1221 0
M 780 1202 795 1220 0
M 792 1199 804 1221 0
E 797 1202 812 1220 0
R 813 1202 824 1220 0
C 825 1202 835 1221 0
E 837 1201 848 1221 0
, 849 1199 863 1220 0
o 796 448 820 478 0
F 828 456 830 458 0
\ 797 380 832 441 0
~ 0 41 1462 1025 0
~ 836 1464 1257 1476 0
~ 832 1452 1257 1464 0
~ 832 1443 1257 1452 0
~ 832 1434 1257 1443 0
~ 803 1410 1256 1434 0
~ 803 1378 1256 1410 0
~ 871 1234 1290 1264 0
~ 886 1224 1380 1234 0
~ 78 1056 1380 1188 0
~ 78 1188 754 1224 0
~ 863 1188 1380 1224 0
