~ 0 436 300 437 0
~ 0 4 1 437 0
V 8 410 23 428 0
a 17 409 31 428 0
l 24 409 37 423 0
e 40 409 58 428 0
u 52 409 66 428 0
r 60 409 83 423 0
n 92 410 104 423 0
u 100 409 111 428 0
t 107 409 120 423 0
r 121 410 129 426 0
i 131 410 145 428 0
t 147 410 154 426 0
i 157 410 160 428 0
v 163 410 176 423 0
e 176 409 189 423 0
N 9 382 24 401 0
u 19 382 32 401 0
t 27 382 39 396 0
r 41 382 49 399 0
i 50 382 64 401 0
t 65 382 73 399 0
i 75 382 79 401 0
o 82 382 95 396 0
n 98 382 110 396 0
F 120 382 133 401 0
a 135 382 147 396 0
c 149 382 161 396 0
t 162 382 170 399 0
s 171 382 183 396 0
p 8 357 16 371 0
o 17 361 25 371 0
u 22 357 29 371 0
r 27 361 42 370 0
1 48 361 53 373 0
t 61 361 66 373 0
a 67 361 75 371 0
s 76 361 84 373 0
s 76 361 92 371 0
e 93 361 102 371 0
( 108 357 112 374 0
2 113 361 122 373 0
5 123 361 132 373 0
0 133 361 142 373 0
m 148 361 161 371 0
L 158 357 167 374 0
) 163 357 176 374 0
P 8 342 18 355 0
e 14 342 23 355 0
r 19 342 45 354 0
1 39 334 48 359 0
c 54 342 61 352 0
u 63 342 71 352 0
p 73 338 81 352 0
( 87 339 91 355 0
2 92 342 101 354 0
5 102 342 111 354 0
0 112 342 120 354 0
m 127 342 140 352 0
L 137 339 146 355 0
) 142 339 155 355 0
C 8 314 20 329 0
a 16 314 26 329 0
l 21 314 36 329 0
o 37 314 48 324 0
r 45 314 53 329 0
i 52 314 62 329 0
e 62 314 72 329 0
s 73 314 83 324 0
1 90 314 96 328 0
1 101 314 107 328 0
0 111 314 120 328 0
% 168 320 178 329 0
v 182 320 188 327 0
a 188 320 194 327 0
l 195 320 197 328 0
e 198 320 204 327 0
u 205 320 210 327 0
r 212 320 216 327 0
q 222 318 226 327 0
u 227 320 233 327 0
o 234 320 240 327 0
t 241 320 244 328 0
i 245 320 247 329 0
d 248 320 254 328 0
i 255 320 257 328 0
e 258 320 264 327 0
n 265 320 270 327 0
n 271 310 279 338 0
e 272 320 284 327 0
* 286 322 291 327 0
— 3 293 45 326 0
— 44 293 67 326 0
l 7 303 132 309 0
_ 91 293 108 326 0
» 107 293 135 326 0
% 210 307 220 315 0
D 225 306 232 315 0
a 233 306 238 313 0
l 236 293 239 326 0
l 239 306 244 315 0
y 246 304 250 313 0
V 258 306 262 315 0
a 261 293 267 326 0
l 263 306 271 315 0
u 273 306 285 313 0
e 280 293 286 326 0
* 287 311 291 316 0
L 8 286 16 298 0
i 17 286 20 298 0
p 21 283 29 295 0
i 31 286 33 298 0
d 35 286 43 298 0
e 44 286 52 295 0
s 53 286 60 295 0
/ 65 286 70 298 0
F 75 286 83 298 0
a 83 286 91 295 0
t 92 286 97 297 0
0 102 286 109 297 0
g 115 283 122 295 0
0 264 286 272 297 0
% 277 286 290 297 0
s 19 269 26 277 0
a 27 269 34 277 0
t 35 269 39 279 0
u 40 269 47 277 0
r 49 269 53 277 0
é 53 269 61 281 0
s 62 269 78 280 0
/ 72 259 79 292 0
S 83 269 92 280 0
a 93 269 101 277 0
t 101 269 105 279 0
u 106 269 113 277 0
r 115 269 119 277 0
a 119 269 127 277 0
t 128 269 132 279 0
e 132 269 140 277 0
d 141 269 149 280 0
0 154 269 162 280 0
g 166 265 174 277 0
a 264 261 287 272 0
+ 19 252 27 259 0
t 32 252 36 262 0
r 37 252 41 260 0
a 41 251 49 260 0
n 51 252 58 260 0
s 59 251 65 260 0
/ 70 252 75 263 0
T 79 252 88 263 0
r 90 252 94 260 0
a 94 251 102 260 0
n 103 252 110 260 0
s 111 251 118 260 0
0 123 251 131 262 0
g 136 248 144 260 0
° 284 261 290 267 0
G 8 228 18 240 0
l 20 228 22 240 0
u 24 228 32 237 0
c 33 228 41 237 0
i 42 228 44 240 0
d 46 228 54 240 0
e 55 228 63 237 0
s 64 228 81 240 0
/ 78 218 84 251 0
C 86 228 96 240 0
a 97 228 104 237 0
r 106 228 111 237 0
b 112 228 120 240 0
o 121 228 129 237 0
h 130 228 138 240 0
y 139 225 147 237 0
d 144 225 153 240 0
r 148 228 157 240 0
a 158 228 171 237 0
t 172 228 177 239 0
e 177 228 185 237 0
2 190 228 198 239 0
6 199 228 206 239 0
F 20 211 27 223 0
i 29 211 30 219 0
b 32 211 39 223 0
r 38 201 47 234 0
e 41 211 53 220 0
s 54 211 58 220 0
/ 66 211 70 222 0
F 76 211 83 223 0
i 84 211 86 223 0
b 88 211 95 223 0
r 97 211 101 219 0
e 101 211 109 220 0
0 115 211 122 222 0
0 264 211 272 222 0
% 277 211 290 222 0
S 20 194 29 206 0
u 30 194 37 202 0
c 38 194 45 202 0
r 46 194 51 202 0
e 51 194 58 202 0
s 60 194 66 202 0
/ 71 194 76 205 0
S 80 194 89 206 0
u 90 194 97 202 0
g 99 190 106 202 0
a 107 194 115 202 0
r 117 194 121 202 0
s 122 194 128 202 0
2 133 194 141 205 0
2 142 194 149 205 0
9 155 190 163 202 0
2 256 194 263 205 0
2 265 194 272 205 0
% 277 194 290 205 0
P 8 171 17 182 0
r 18 171 23 179 0
o 23 171 29 182 0
t 24 171 38 181 0
é 38 171 46 182 0
i 47 171 50 182 0
n 52 171 59 179 0
e 59 171 68 182 0
s 61 171 86 182 0
/ 81 161 87 194 0
P 91 171 100 182 0
r 101 171 106 179 0
o 107 171 115 179 0
t 116 171 121 181 0
e 122 171 130 179 0
i 131 171 133 182 0
n 135 171 142 179 0
2 148 171 155 182 0
g 161 167 169 179 0
C 8 148 18 159 0
h 15 147 24 159 0
o 19 147 27 159 0
l 28 147 36 156 0
e 38 148 49 159 0
s 51 147 58 156 0
t 56 147 65 159 0
é 64 147 70 159 0
r 73 147 78 156 0
o 78 147 84 159 0
l 79 148 91 159 0
/ 96 147 101 159 0
C 106 147 116 159 0
h 117 147 125 159 0
o 125 147 131 159 0
l 126 147 138 159 0
e 139 147 147 156 0
s 148 147 156 156 0
t 157 147 161 158 0
e 162 148 170 156 0
r 171 147 176 156 0
o 177 148 185 156 0
l 187 147 189 159 0
0 199 147 202 158 0
m 207 148 219 156 0
g 220 144 228 156 0
S 7 124 17 136 0
o 18 124 26 133 0
d 27 124 35 136 0
i 37 124 39 136 0
u 41 124 49 133 0
m 51 124 63 133 0
0 68 124 76 135 0
m 81 124 93 133 0
g 94 121 102 133 0
0 263 124 271 135 0
% 276 124 289 135 0
P 8 96 17 108 0
o 18 96 25 105 0
t 26 96 30 107 0
a 30 96 38 105 0
s 39 96 46 105 0
s 47 96 53 105 0
i 55 96 57 108 0
u 58 96 65 105 0
m 67 96 79 105 0
4 86 96 92 107 0
5 84 96 100 107 0
0 101 96 109 107 0
m 114 96 126 105 0
g 127 93 135 105 0
1 257 96 261 107 0
0 264 96 272 107 0
% 277 96 290 107 0
C 8 73 18 85 0
a 19 73 26 82 0
l 27 73 29 85 0
c 30 73 37 82 0
i 39 73 40 82 0
u 42 73 49 82 0
m 51 73 62 82 0
3 68 73 75 84 0
0 76 73 84 84 0
m 89 73 101 82 0
g 102 70 109 82 0
2 264 73 272 84 0
% 277 73 290 84 0
F 8 50 16 62 0
e 17 50 24 59 0
r 23 50 29 62 0
/ 26 50 39 62 0
I 44 50 46 62 0
r 48 50 60 59 0
o 56 50 62 62 0
n 61 50 68 59 0
0 78 50 82 61 0
m 88 50 99 59 0
g 100 47 107 59 0
0 264 50 272 61 0
% 277 50 290 61 0
* 9 30 13 35 0
5 16 25 21 35 0
% 22 25 31 34 0
o 36 25 42 32 0
u 43 25 47 32 0
m 52 25 60 32 0
o 62 25 67 32 0
i 68 25 70 32 0
n 71 25 76 32 0
s 77 25 90 32 0
c 94 25 95 34 0
e 94 25 97 34 0
s 94 25 104 32 0
t 105 25 108 34 0
p 112 22 117 33 0
e 118 25 123 33 0
u 124 25 129 33 0
, 131 24 133 26 0
1 138 25 141 34 0
5 143 25 149 35 0
% 150 25 159 35 0
o 163 25 168 32 0
u 170 25 174 32 0
p 179 23 184 32 0
l 185 25 187 34 0
u 188 25 193 32 0
s 194 25 199 32 0
c 203 25 208 32 0
' 209 32 210 35 0
e 211 25 216 32 0
s 217 25 222 32 0
t 222 25 225 34 0
b 229 25 234 34 0
e 236 25 241 33 0
a 242 25 247 33 0
u 248 25 253 33 0
c 254 25 259 33 0
o 260 25 265 33 0
u 266 25 271 33 0
p 273 22 278 33 0
* 9 16 14 21 0
5 15 11 20 20 0
% 21 11 31 20 0
o 35 11 40 18 0
r 42 11 45 18 0
l 49 11 50 20 0
e 51 11 56 18 0
s 57 11 62 18 0
s 62 11 67 18 0
i 72 11 73 18 0
s 72 11 79 18 0
a 83 11 88 18 0
l 92 11 94 20 0
i 96 11 98 20 0
t 99 10 102 20 0
t 99 11 105 20 0
l 106 11 108 20 0
e 110 11 115 18 0
, 116 10 118 12 0
1 123 11 126 20 0
5 129 11 134 20 0
% 135 11 144 20 0
o 148 11 154 18 0
r 155 11 158 18 0
m 162 11 171 18 0
o 172 11 177 18 0
r 178 11 181 18 0
e 182 11 187 18 0
i 191 11 193 18 0
s 194 11 199 18 0
a 202 11 208 18 0
l 212 11 214 20 0
o 215 11 221 18 0
t 221 11 224 20 0
~ 0 4 300 5 0
~ 299 4 300 437 0
