S 236 1388 261 1428 0
a 236 1388 290 1428 0
v 284 1388 313 1428 0
e 289 1388 336 1415 0
u 337 1388 363 1415 0
r 366 1389 384 1415 0
( 161 1327 192 1374 0
G 180 1327 195 1374 0
r 192 1335 232 1371 0
o 217 1327 237 1374 0
t 234 1335 275 1361 0
e 276 1335 298 1361 0
V 309 1335 341 1373 0
e 338 1335 365 1361 0
t 357 1335 372 1375 0
a 366 1335 453 1375 0
t 427 1323 437 1379 0
s 437 1323 456 1379 0
~ 453 1315 540 1368 0
~ 504 1395 532 1402 0
~ 504 1368 532 1395 0
~ 64 1262 540 1315 0
~ 233 1240 540 1262 0
~ 864 709 1457 1207 0
~ 864 605 1253 709 0
~ 842 53 1457 466 0
~ 842 466 1259 536 0
~ 866 536 1242 605 0
~ 1449 466 1457 536 0
~ 1358 1272 1457 1306 0
~ 1404 1242 1457 1272 0
O 1234 1258 1262 1290 0
u 1267 1258 1288 1287 0
e 1304 1258 1322 1279 0
s 1325 1258 1342 1279 0
t 1345 1258 1358 1284 0
‘ 1174 1219 1177 1221 0
l 1196 1221 1212 1256 0
a 1216 1223 1238 1244 0
V 1252 1223 1279 1254 0
a 1276 1207 1301 1244 0
c 1304 1223 1320 1243 0
h 1317 1203 1320 1204 0
e 1324 1204 1353 1256 0
? 1375 1223 1392 1244 0
? 1382 1233 1399 1255 0
~ 49 914 715 1192 0
~ 64 1240 147 1262 0
~ 67 1218 122 1240 0
~ 67 1192 126 1218 0
~ 263 1192 540 1218 0
~ 49 861 472 914 0
O 147 1229 166 1251 0
u 170 1229 184 1249 0
e 195 1229 208 1243 0
s 211 1229 222 1243 0
t 225 1229 233 1247 0
l 126 1204 131 1227 0
a 134 1204 149 1219 0
V 159 1205 177 1226 0
a 178 1204 193 1219 0
c 196 1204 207 1219 0
h 210 1205 216 1228 0
e 216 1204 225 1219 0
? 248 1185 257 1219 0
2 251 1212 263 1227 0
4 278 1229 280 1231 0
> 678 1491 692 1500 0
2 678 1477 689 1484 0
8 678 1468 689 1476 0
= 678 1458 689 1466 0
2 678 1449 684 1457 0
B 678 1449 689 1457 0
3 678 1439 689 1448 0
z 678 1425 685 1438 0
s 678 1425 690 1438 0
= 678 1409 690 1423 0
g 678 1393 690 1408 0
a 678 1379 693 1387 0
o 678 1369 690 1377 0
a 675 1348 690 1362 0
s 679 1333 694 1347 0
e 687 1333 694 1347 0
a 679 1317 690 1332 0
e 692 1327 694 1329 0
S 679 1308 690 1316 0
S 679 1299 690 1307 0
a 679 1290 690 1297 0
& 679 1280 690 1288 0
2 679 1266 691 1274 0
S 679 1257 690 1265 0
D 679 1248 691 1256 0
I 679 1232 693 1246 0
a 679 1214 694 1226 0
~ 558 1098 696 1504 0
W 472 810 550 877 0
H 556 852 562 864 0
@ 56 813 77 828 0
C 84 813 94 829 0
h 96 813 105 829 0
o 101 813 109 829 0
c 106 813 115 825 0
o 116 813 125 825 0
l 126 813 135 825 0
a 136 814 140 829 0
t 141 813 157 828 0
a 164 813 173 825 0
u 174 813 183 825 0
l 191 814 195 829 0
a 196 813 205 825 0
i 206 813 210 829 0
t 211 814 217 829 0
d 224 813 233 829 0
u 234 813 244 825 0
p 251 810 261 825 0
a 262 813 271 825 0
y 272 810 280 825 0
s 281 813 290 825 0
a 297 813 306 825 0
l 308 813 311 828 0
p 313 810 322 825 0
i 323 813 327 828 0
n 328 806 337 825 0
f 344 813 350 829 0
o 351 813 360 825 0
u 362 813 371 825 0
r 372 813 378 825 0
r 377 813 388 829 0
é 379 813 395 829 0
c 402 813 411 825 0
o 412 813 421 825 0
n 422 813 431 825 0
f 432 813 438 829 0
i 439 813 442 828 0
s 443 813 452 825 0
e 453 813 462 825 0
u 463 813 472 825 0
r 474 813 480 825 0
( 493 809 497 829 0
5 493 813 513 829 0
0 504 809 512 829 0
% 513 820 520 829 0
) 530 809 535 828 0
a 543 813 551 825 0
u 553 813 562 825 0
l 570 813 574 829 0
a 570 813 584 829 0
i 585 826 589 828 0
t 585 813 595 828 0
( 603 809 608 829 0
5 608 813 618 828 0
. 619 813 622 817 0
5 624 813 633 828 0
% 634 813 649 829 0
) 650 810 655 829 0
a 663 813 672 825 0
r 673 813 679 825 0
é 680 813 689 829 0
m 690 813 705 825 0
e 706 813 715 825 0
v 56 793 65 805 0
a 66 793 75 805 0
n 72 793 81 808 0
i 76 793 85 805 0
l 87 793 96 808 0
l 97 793 101 808 0
e 102 793 111 805 0
. 112 793 115 797 0
I 126 793 129 808 0
n 131 793 140 805 0
g 142 789 150 805 0
r 152 793 159 805 0
é 159 793 168 809 0
d 169 793 178 808 0
i 179 793 183 808 0
e 184 793 193 805 0
n 194 793 203 805 0
t 204 793 219 808 0
s 229 794 232 804 0
: 227 782 236 813 0
S 243 793 252 808 0
u 254 793 262 804 0
c 263 793 271 805 0
r 273 793 278 804 0
e 279 793 287 805 0
, 289 791 291 795 0
g 302 789 310 804 0
r 312 793 317 804 0
a 318 793 326 804 0
i 327 793 330 808 0
s 331 793 339 805 0
s 340 793 348 805 0
e 349 792 357 805 0
v 367 786 374 804 0
é 375 793 383 809 0
g 385 789 393 805 0
é 396 786 398 789 0
t 395 793 409 809 0
a 409 793 417 804 0
l 419 786 422 808 0
e 423 793 431 804 0
, 433 791 435 795 0
l 446 793 459 808 0
a 455 792 463 809 0
c 460 792 467 805 0
t 468 793 473 807 0
o 474 792 482 805 0
s 484 793 491 804 0
é 492 792 501 809 0
r 502 793 507 805 0
u 508 793 516 804 0
m 518 793 531 805 0
e 542 793 550 805 0
n 551 793 559 805 0
p 570 789 578 804 0
o 579 792 587 804 0
u 589 792 597 804 0
d 598 793 607 808 0
r 608 793 614 804 0
e 615 792 622 805 0
, 625 791 627 795 0
b 638 793 646 808 0
e 647 792 655 805 0
u 657 792 665 804 0
r 667 793 672 804 0
r 673 793 678 804 0
e 679 792 687 804 0
d 697 793 705 808 0
e 706 793 715 805 0
c 57 773 65 785 0
a 66 772 74 785 0
c 75 773 83 785 0
a 84 773 93 785 0
o 90 770 98 785 0
, 94 770 106 785 0
b 113 772 121 788 0
e 123 772 130 785 0
u 132 773 140 784 0
r 142 773 147 784 0
r 148 773 153 785 0
e 154 772 162 784 0
c 168 773 176 785 0
o 177 773 185 785 0
n 187 773 195 785 0
c 197 773 204 785 0
e 205 773 214 785 0
n 211 770 219 789 0
t 215 773 230 788 0
r 230 773 236 784 0
é 237 772 245 789 0
, 247 770 249 775 0
p 256 769 264 785 0
o 266 772 274 785 0
u 275 772 283 784 0
d 281 769 289 788 0
r 285 772 293 788 0
e 295 772 309 785 0
d 315 772 324 788 0
e 325 772 333 784 0
l 340 773 342 788 0
a 344 772 352 784 0
i 353 773 356 788 0
t 357 772 373 788 0
é 372 771 378 789 0
c 377 772 385 784 0
r 386 773 391 784 0
é 392 772 400 789 0
m 402 773 415 784 0
é 412 771 420 789 0
, 417 771 429 788 0
p 436 769 445 784 0
a 445 772 454 788 0
t 455 773 460 787 0
e 461 772 468 784 0
d 475 772 483 788 0
e 484 772 493 784 0
c 499 772 506 784 0
a 508 772 516 784 0
c 517 772 525 784 0
a 526 772 535 784 0
o 535 772 544 784 0
, 546 769 548 775 0
p 555 769 564 784 0
o 565 772 573 784 0
u 575 772 582 784 0
d 580 769 588 787 0
r 584 772 592 787 0
e 594 772 608 784 0
d 614 772 623 787 0
e 624 772 632 784 0
l 639 772 641 788 0
a 642 772 651 784 0
i 652 772 654 784 0
t 656 772 661 787 0
e 666 772 674 784 0
n 673 771 681 787 0
t 676 773 684 784 0
i 685 772 694 787 0
e 695 772 703 784 0
r 705 773 710 784 0
, 712 771 714 774 0
p 57 748 66 764 0
a 62 744 72 772 0
t 67 752 81 768 0
e 81 752 89 764 0
d 103 752 112 775 0
e 113 752 121 764 0
n 135 752 143 764 0
o 144 752 153 764 0
i 154 752 157 768 0
s 158 752 166 764 0
e 163 744 171 772 0
t 167 752 175 764 0
t 176 752 186 767 0
e 187 752 195 764 0
s 196 752 204 764 0
, 206 751 208 754 0
é 223 752 231 769 0
m 233 752 246 764 0
u 247 770 249 775 0
l 248 752 256 764 0
s 258 752 260 768 0
i 261 752 273 764 0
f 274 752 279 768 0
i 281 752 283 763 0
a 284 752 293 764 0
n 294 752 302 764 0
t 303 752 308 767 0
( 322 749 326 768 0
l 327 752 329 767 0
é 331 751 339 769 0
c 340 752 348 764 0
i 350 752 352 764 0
t 353 752 358 767 0
h 360 752 368 767 0
i 370 752 381 764 0
n 378 749 386 769 0
e 383 752 391 764 0
d 405 752 413 767 0
e 415 752 422 764 0
s 436 752 444 764 0
o 445 752 453 764 0
j 453 748 457 763 0
a 459 752 467 764 0
) 468 749 472 767 0
, 474 749 476 754 0
a 491 752 499 764 0
r 501 752 506 764 0
d 506 752 515 768 0
m 516 752 529 764 0
e 525 750 536 768 0
s 531 751 548 764 0
, 550 750 552 754 0
c 567 752 574 764 0
o 576 752 584 764 0
l 586 752 588 767 0
o 589 752 598 764 0
r 599 752 604 764 0
a 605 752 613 764 0
n 615 752 623 764 0
t 623 752 629 767 0
s 630 752 637 764 0
( 651 749 655 767 0
E 656 752 664 768 0
1 667 752 672 767 0
6 676 752 684 767 0
1 687 752 692 767 0
b 690 748 700 768 0
) 696 752 705 767 0
. 705 748 709 768 0
C 57 732 67 747 0
O 68 732 79 747 0
N 77 731 87 747 0
T 80 732 102 747 0
E 103 731 111 747 0
N 108 731 119 747 0
I 113 732 123 747 0
R 125 732 140 747 0
L 151 728 154 731 0
A 151 732 172 747 0
I 173 732 177 747 0
T 178 732 187 747 0
, 189 729 192 735 0
N 203 732 214 747 0
O 215 732 225 747 0
I 227 732 230 747 0
S 232 732 242 747 0
E 243 732 252 747 0
T 253 729 264 747 0
T 253 732 273 747 0
E 274 732 283 747 0
S 283 731 294 747 0
, 295 729 298 735 0
S 309 731 319 747 0
O 320 731 340 747 0
J 333 731 343 747 0
A 341 731 357 747 0
. 352 731 357 747 0
P 368 731 378 747 0
E 379 731 388 747 0
U 389 731 399 747 0
T 400 732 409 747 0
C 420 731 430 747 0
O 431 731 441 747 0
N 443 731 453 747 0
T 455 732 464 747 0
E 465 732 474 747 0
N 475 732 486 747 0
I 488 732 491 747 0
R 493 732 503 747 0
D 515 731 525 747 0
E 526 732 535 747 0
S 536 731 547 747 0
T 556 731 566 747 0
R 567 731 577 747 0
A 578 731 590 747 0
C 590 731 601 747 0
E 602 731 611 747 0
S 612 731 622 747 0
D 633 731 643 747 0
' 645 740 648 747 0
A 650 731 661 747 0
U 661 731 671 747 0
T 672 732 682 747 0
R 683 731 693 747 0
E 695 732 704 747 0
S 704 731 715 747 0
F 57 711 66 727 0
R 67 711 77 727 0
U 74 711 84 727 0
I 79 711 94 727 0
T 95 711 105 727 0
S 111 711 121 727 0
E 122 711 131 727 0
C 132 711 142 727 0
A 148 712 159 731 0
C 165 711 175 727 0
O 176 711 187 727 0
Q 188 710 199 735 0
U 200 711 210 727 0
E 211 711 220 727 0
E 227 706 235 727 0
T 236 711 246 727 0
D 252 711 263 727 0
E 264 711 273 726 0
B 280 711 290 726 0
L 291 711 300 735 0
E 301 711 310 730 0
. 312 711 315 715 0
A 57 692 67 707 0
c 73 692 80 704 0
o 82 692 90 704 0
n 92 692 99 704 0
s 101 692 108 704 0
e 106 691 115 704 0
r 110 692 118 704 0
v 119 692 133 704 0
e 130 691 139 704 0
r 134 691 148 704 0
a 154 692 163 704 0
u 164 692 172 704 0
s 178 692 186 704 0
e 187 691 195 704 0
c 196 692 204 704 0
e 211 692 216 707 0
t 211 692 225 707 0
a 231 692 239 708 0
l 246 692 248 707 0
' 246 693 253 707 0
a 255 692 263 704 0
b 264 692 273 707 0
r 274 692 279 704 0
i 281 692 283 703 0
d 289 691 298 707 0
e 299 691 307 704 0
l 314 692 316 707 0
a 318 692 327 703 0
c 332 691 340 704 0
h 342 692 350 707 0
a 351 692 360 704 0
l 362 692 364 707 0
e 365 692 373 703 0
u 375 692 383 703 0
r 381 691 387 707 0
. 385 692 390 703 0
~ 56 680 544 690 0
~ 58 640 194 642 0
~ 258 638 544 643 0
~ 133 612 189 628 0
~ 56 598 544 607 0
~ 56 572 463 579 0
~ 454 522 551 588 0
~ 73 521 544 528 0
~ 56 456 433 465 0
~ 56 428 544 437 0
V 63 654 70 666 0
a 71 654 77 663 0
l 79 655 80 666 0
e 82 654 88 664 0
u 89 654 96 663 0
r 97 655 101 663 0
n 106 654 112 663 0
u 114 654 119 663 0
t 121 654 124 666 0
r 125 654 129 666 0
i 126 655 133 663 0
t 134 654 138 666 0
i 139 654 142 664 0
o 142 654 148 664 0
n 150 655 156 663 0
n 157 655 164 663 0
e 163 654 169 666 0
l 165 654 171 663 0
l 173 654 178 666 0
e 179 654 185 663 0
m 190 654 200 663 0
o 202 654 208 663 0
y 209 652 215 663 0
e 216 654 222 664 0
n 223 655 229 664 0
n 231 655 237 664 0
e 238 654 245 663 0
| 248 644 254 676 0
1 272 655 277 666 0
0 280 654 287 666 0
0 288 654 295 666 0
g 297 651 303 663 0
| 315 644 326 676 0
2 334 654 341 666 0
5 342 654 349 666 0
g 350 651 357 663 0
( 363 651 367 666 0
p 368 651 375 663 0
e 377 654 383 663 0
r 384 654 389 663 0
P 394 654 402 666 0
o 402 654 409 663 0
r 408 651 414 672 0
t 411 654 420 672 0
i 421 654 424 663 0
o 425 654 432 663 0
n 434 654 440 663 0
) 441 651 445 666 0
S 1253 631 1288 683 0
a 1289 631 1325 666 0
v 1324 631 1358 666 0
e 1357 631 1386 666 0
u 1387 631 1422 666 0
r 1425 631 1450 666 0
e 60 608 69 633 0
s 60 608 83 633 0
) 78 608 83 633 0
V 93 615 98 627 0
a 98 615 106 627 0
l 108 616 109 627 0
e 111 615 129 624 0
s 187 615 193 624 0
f 194 615 199 624 0
‘ 260 607 270 637 0
o 268 607 286 637 0
k 285 607 295 636 0
a 293 607 316 636 0
r 357 596 365 640 0
a 361 606 374 636 0
a 371 596 379 640 0
k 375 606 385 636 0
e 383 606 399 636 0
a 398 613 400 615 0
l 398 606 407 618 0
N 619 596 653 617 0
~ 1337 598 1356 610 0
( 60 577 65 600 0
@ 60 577 83 600 0
P 94 583 100 595 0
r 102 584 105 592 0
o 105 583 111 592 0
t 113 583 116 595 0
é 117 583 122 596 0
i 124 583 125 592 0
n 127 583 132 592 0
e 134 583 139 592 0
s 141 583 146 591 0
5 279 583 285 595 0
. 288 590 290 592 0
2 291 582 297 594 0
9 299 580 305 592 0
1 375 584 378 595 0
. 380 571 386 607 0
3 386 583 393 595 0
9 394 580 400 592 0
( 602 565 620 606 0
0 606 569 633 595 0
5 635 580 644 594 0
C 1275 562 1310 614 0
r 1310 563 1335 597 0
e 1346 558 1371 618 0
m 1333 562 1418 598 0
e 1419 562 1449 597 0
( 60 553 66 573 0
G 66 553 71 573 0
D 60 553 83 573 0
G 94 557 101 569 0
l 98 552 104 569 0
u 102 557 111 568 0
c 112 557 118 566 0
i 118 552 120 566 0
d 122 557 128 566 0
e 129 556 134 566 0
s 136 557 141 566 0
5 272 552 279 568 0
0 280 556 287 568 0
. 284 552 293 568 0
5 293 556 300 568 0
9 301 553 307 566 0
1 366 557 370 568 0
2 374 556 380 569 0
. 378 553 387 569 0
5 386 557 392 568 0
9 394 553 400 566 0
F 624 550 630 565 0
i 624 550 634 565 0
1 61 528 65 550 0
S 61 528 84 550 0
) 77 528 84 550 0
d 95 534 100 546 0
o 102 534 108 543 0
n 109 534 110 543 0
t 111 534 114 543 0
s 124 534 128 545 0
u 129 534 135 543 0
c 136 534 141 543 0
r 143 534 145 543 0
e 147 534 152 543 0
s 154 534 158 543 0
5 277 533 283 545 0
0 285 533 292 546 0
9 293 530 299 542 0
1 366 534 370 545 0
2 374 533 380 546 0
. 380 530 387 546 0
5 386 533 393 545 0
9 394 530 400 543 0
( 58 500 60 526 0
G 59 500 69 526 0
z 58 500 83 526 0
) 76 500 83 526 0
L 94 503 97 518 0
i 94 506 102 518 0
p 102 503 108 518 0
i 104 503 113 515 0
d 114 506 120 517 0
e 122 506 127 515 0
s 128 506 133 515 0
4 270 506 277 517 0
0 278 505 285 517 0
. 283 502 292 517 0
5 291 505 297 517 0
9 299 502 306 514 0
1 367 506 369 517 0
0 374 506 380 518 0
. 380 492 387 527 0
0 386 506 393 518 0
9 394 502 400 523 0
A 1255 483 1272 551 0
V 1259 494 1301 545 0
o 1295 494 1331 529 0
T 1328 483 1340 551 0
a 1332 494 1367 529 0
t 1370 494 1384 543 0
l 1379 483 1391 551 0
I 1387 494 1418 547 0
C 1413 483 1431 551 0
e 1419 493 1449 529 0
C 61 475 70 498 0
p 61 475 83 498 0
) 80 475 83 498 0
d 94 481 99 493 0
o 101 481 107 491 0
n 106 481 112 493 0
t 108 481 118 491 0
g 123 476 128 491 0
r 130 482 133 490 0
a 135 481 140 491 0
i 142 482 143 490 0
s 145 481 150 490 0
s 151 481 156 490 0
e 157 481 162 491 0
s 164 481 169 491 0
i 375 478 380 480 0
a 386 478 393 481 0
_ 73 473 76 476 0
S 94 465 99 475 0
a 100 465 106 475 0
t 107 465 110 477 0
u 111 465 117 474 0
r 119 466 122 474 0
e 123 465 128 475 0
s 130 465 135 474 0
: 134 465 135 477 0
2 277 468 283 480 0
3 285 468 291 480 0
9 293 465 299 477 0
5 374 469 380 477 0
. 379 456 386 483 0
7 388 469 390 475 0
9 394 465 401 478 0
| 457 459 463 461 0
2 477 459 485 461 0
9 490 459 500 479 0
% 489 459 542 479 0
| 530 455 547 483 0
( 60 435 64 458 0
$ 60 435 83 458 0
8 72 435 78 458 0
) 77 435 83 458 0
F 94 441 100 453 0
i 101 441 102 449 0
b 104 440 110 453 0
r 111 441 114 451 0
e 116 441 121 450 0
0 279 440 285 452 0
. 285 430 294 461 0
9 291 440 298 452 0
9 299 437 306 449 0
0 374 440 380 452 0
. 380 438 389 453 0
2 386 440 392 453 0
9 394 438 401 450 0
i 205 400 211 435 0
e 209 404 220 406 0
0 270 412 277 424 0
. 276 409 282 424 0
1 284 412 287 423 0
7 291 412 298 424 0
9 299 409 306 422 0
0 366 412 369 424 0
. 369 413 372 424 0
0 378 412 385 424 0
4 386 413 393 424 0
g 394 409 401 421 0
~ 249 404 254 686 0
~ 321 404 327 685 0
~ 454 404 459 685 0
~ 229 402 544 407 0
~ 57 359 136 388 0
~ 57 388 208 430 0
~ 57 292 136 359 0
~ 598 372 671 533 0
* 150 376 153 380 0
* 154 376 159 379 0
G 164 369 171 380 0
D 174 369 180 381 0
A 182 369 189 381 0
; 194 358 197 390 0
R 200 369 208 381 0
e 210 369 215 378 0
p 215 367 223 385 0
e 223 367 229 385 0
r 225 369 236 382 0
e 237 369 243 378 0
s 245 369 250 378 0
N 255 369 258 380 0
u 259 369 270 380 0
t 271 369 274 380 0
r 276 369 280 378 0
i 281 369 282 377 0
t 284 369 287 380 0
i 289 369 290 377 0
o 292 368 298 378 0
n 299 369 305 378 0
n 307 369 309 377 0
e 311 369 320 378 0
l 322 369 323 380 0
s 325 369 331 377 0
J 335 369 341 380 0
o 342 368 348 378 0
u 350 369 356 377 0
r 358 369 361 378 0
n 362 369 368 378 0
a 367 368 373 380 0
l 370 369 379 380 0
i 381 369 382 377 0
e 384 369 390 378 0
r 391 369 395 378 0
s 396 368 402 377 0
p 407 366 413 378 0
o 413 369 420 378 0
u 421 369 427 377 0
r 429 369 431 377 0
u 437 369 443 377 0
n 445 369 451 378 0
a 456 369 462 378 0
d 463 369 469 380 0
u 468 368 474 380 0
l 471 368 480 380 0
t 482 369 485 380 0
e 486 369 492 378 0
a 497 369 503 378 0
v 504 369 509 378 0
e 511 369 517 378 0
c 519 369 524 378 0
u 149 352 153 360 0
n 154 352 163 361 0
a 167 352 177 361 0
p 178 350 184 361 0
p 186 350 192 361 0
o 194 352 200 361 0
r 199 350 205 362 0
t 202 352 210 362 0
m 217 352 227 361 0
o 229 352 235 361 0
y 237 350 242 361 0
e 244 352 250 361 0
n 252 353 258 361 0
d 265 352 271 363 0
e 273 352 278 361 0
2 286 352 292 364 0
0 294 352 301 364 0
0 302 352 309 364 0
0 311 352 317 364 0
k 324 352 330 363 0
c 328 352 334 363 0
a 332 352 345 361 0
l 347 352 348 363 0
. 351 352 353 354 0
L 360 352 366 363 0
e 368 352 374 361 0
s 375 352 381 361 0
b 388 352 394 363 0
e 396 352 402 361 0
s 403 352 409 361 0
o 410 352 416 361 0
i 418 352 420 360 0
n 422 352 428 361 0
s 430 352 435 361 0
d 442 352 448 363 0
' 451 360 452 363 0
u 454 352 460 360 0
n 463 352 468 361 0
i 476 352 477 360 0
n 479 352 485 361 0
d 487 352 493 363 0
i 496 352 497 360 0
v 499 352 504 360 0
i 506 352 508 360 0
d 510 352 516 364 0
u 518 352 524 360 0
) 523 352 524 364 0
B 550 346 557 361 0
a 558 345 565 357 0
i 566 345 574 360 0
r 575 345 580 357 0
i 581 345 583 357 0
q 584 342 592 357 0
u 594 345 601 357 0
e 602 345 610 361 0
e 615 345 623 357 0
n 624 345 631 357 0
A 637 346 646 360 0
l 647 346 649 360 0
l 651 346 653 360 0
e 654 345 662 357 0
m 663 346 675 357 0
a 676 345 684 357 0
g 685 341 692 357 0
n 694 345 701 357 0
e 702 345 710 357 0
p 149 333 155 344 0
e 157 335 163 344 0
u 165 335 171 344 0
v 170 333 177 345 0
e 173 336 179 344 0
n 180 335 193 344 0
t 196 335 199 345 0
v 206 335 212 344 0
a 213 335 219 344 0
r 221 336 223 344 0
i 227 336 228 344 0
e 230 335 236 344 0
r 238 336 240 344 0
s 249 335 255 344 0
e 256 335 262 344 0
l 264 336 266 347 0
o 268 335 274 344 0
n 276 335 282 344 0
l 290 335 291 346 0
e 293 335 299 344 0
s 307 335 312 344 0
e 314 335 320 344 0
x 322 335 327 344 0
e 329 335 335 344 0
, 333 335 335 344 0
l 347 336 349 346 0
' 352 344 353 347 0
a 355 335 361 344 0
g 363 332 369 344 0
e 369 332 375 347 0
, 371 335 377 344 0
l 389 335 390 347 0
’ 393 343 395 346 0
a 397 335 403 344 0
c 405 335 410 344 0
t 408 335 414 347 0
i 411 335 418 346 0
v 420 335 426 344 0
i 428 336 429 344 0
t 431 335 435 346 0
é 436 335 441 345 0
p 450 333 456 344 0
h 458 335 464 347 0
y 466 332 471 343 0
s 473 335 478 344 0
i 480 335 481 344 0
q 484 333 490 344 0
u 492 335 498 344 0
e 500 335 506 344 0
e 514 335 520 344 0
t 521 335 524 346 0
d 149 319 155 330 0
' 155 318 158 330 0
a 161 318 167 327 0
u 169 319 170 327 0
t 173 319 179 328 0
r 180 319 182 326 0
e 185 319 191 327 0
s 192 319 199 328 0
f 203 319 206 330 0
a 207 319 213 327 0
c 215 319 220 328 0
t 222 318 225 329 0
e 226 319 232 328 0
u 232 318 238 330 0
r 234 318 243 327 0
s 246 319 252 328 0
. 250 318 252 330 0
P 261 319 267 330 0
o 269 318 275 327 0
u 276 318 282 327 0
r 284 319 288 327 0
p 293 316 299 327 0
l 301 319 302 329 0
u 304 318 310 327 0
s 311 318 317 328 0
d 322 318 328 329 0
' 330 326 332 329 0
i 334 318 335 327 0
n 337 318 343 327 0
f 344 318 348 330 0
o 349 318 355 327 0
r 357 318 360 327 0
m 362 318 372 327 0
a 373 318 379 327 0
t 377 318 383 330 0
i 380 318 387 329 0
o 388 318 394 327 0
n 396 318 402 327 0
: 407 308 413 338 0
w 415 318 425 327 0
w 426 318 434 327 0
w 434 318 443 327 0
. 443 319 446 327 0
m 452 317 461 327 0
i 463 318 465 326 0
l 467 318 468 329 0
k 470 318 476 329 0
a 477 318 484 327 0
. 482 317 488 329 0
c 489 318 494 327 0
o 496 318 505 327 0
m 506 318 513 327 0
1 575 303 586 333 0
0 592 302 613 334 0
0 615 303 635 334 0
g 638 294 658 325 0
e 670 305 703 331 0
~ 54 293 61 686 0
~ 540 293 547 685 0
~ 57 290 545 300 0
M 123 227 147 257 0
a 138 220 208 273 0
t 185 220 196 273 0
t 195 220 208 273 0
f 214 231 224 254 0
o 224 231 238 248 0
o 239 231 254 248 0
d 255 231 272 254 0
s 272 231 284 247 0
K 124 191 136 205 0
R 139 191 151 205 0
A 154 191 168 205 0
F 171 190 181 205 0
T 184 191 194 205 0
F 209 190 219 205 0
O 221 191 236 205 0
O 237 191 252 205 0
D 255 191 267 205 0
S 269 190 281 205 0
C 156 169 169 183 0
O 171 169 186 183 0
N 188 169 201 183 0
S 203 168 215 183 0
E 218 169 228 183 0
I 231 169 237 183 0
L 240 169 249 183 0
— 257 168 274 183 0
— 253 175 299 177 0
N 104 143 112 155 0
° 113 149 118 155 0
C 123 142 130 155 0
r 128 142 134 156 0
i 131 142 139 156 0
s 140 142 146 152 0
t 147 142 151 154 0
a 152 142 159 152 0
l 160 143 163 156 0
: 168 143 171 151 0
0 176 143 186 158 0
9 187 143 196 158 0
6 203 143 212 158 0
9 213 143 223 158 0
3 229 143 238 158 0
9 240 143 249 158 0
7 256 142 265 158 0
9 266 143 276 158 0
7 282 142 291 158 0
9 293 143 302 158 0
A 157 122 163 136 0
p 157 122 176 134 0
p 168 122 176 136 0
e 177 125 182 133 0
l 183 125 186 136 0
n 189 125 195 133 0
o 195 125 201 133 0
n 196 125 208 133 0
s 212 125 216 132 0
u 217 125 223 133 0
r 223 125 228 135 0
t 224 125 237 134 0
a 233 125 238 135 0
x 238 125 244 133 0
é 244 125 250 135 0
K 111 102 119 116 0
R 118 102 125 116 0
A 119 102 137 116 0
F 138 103 144 116 0
T 145 103 152 116 0
F 157 103 163 116 0
O 164 103 173 116 0
O 174 102 183 116 0
D 184 102 192 116 0
S 194 103 200 116 0
F 206 103 212 116 0
R 212 102 222 116 0
A 213 102 231 116 0
N 232 103 240 116 0
C 237 102 245 116 0
E 242 102 256 116 0
S 262 102 265 116 0
. 262 102 271 116 0
A 272 102 281 115 0
. 282 102 284 105 0
S 284 102 290 116 0
. 286 102 295 115 0
1 131 85 135 96 0
3 138 85 143 96 0
, 145 83 147 88 0
a 153 85 159 94 0
v 158 85 164 94 0
. 160 85 169 94 0
M 174 85 184 96 0
o 185 85 191 94 0
r 193 85 196 94 0
a 197 85 203 94 0
n 204 85 211 94 0
e 212 85 218 94 0
S 223 85 229 96 0
a 230 85 236 94 0
u 235 85 241 98 0
l 237 85 248 98 0
n 249 85 256 94 0
i 257 85 259 98 0
e 260 85 267 95 0
r 268 85 272 94 0
7 98 65 104 77 0
8 106 66 112 77 0
9 113 66 120 77 0
4 121 66 128 77 0
2 129 65 136 77 0
V 141 65 148 77 0
E 149 65 154 81 0
L 155 66 161 77 0
I 161 65 165 77 0
Z 165 65 171 77 0
Y 172 66 179 77 0
- 179 70 182 73 0
V 183 66 190 77 0
I 191 66 194 77 0
L 195 65 201 77 0
L 202 65 206 77 0
A 207 65 215 77 0
C 216 66 222 77 0
O 222 66 230 77 0
U 231 66 238 77 0
B 240 65 247 77 0
L 246 65 254 81 0
A 248 65 262 77 0
Y 261 66 268 77 0
C 273 65 279 77 0
E 280 65 285 77 0
D 286 65 294 77 0
E 295 65 301 77 0
X 302 65 308 77 0
~ 106 175 153 178 0
~ 350 60 724 290 0
* 893 38 896 43 0
J 896 29 900 44 0
e 901 31 907 40 0
u 908 31 916 40 0
g 920 28 927 40 0
r 927 28 933 42 0
a 929 32 946 42 0
t 938 28 946 42 0
u 947 32 954 40 0
i 956 32 958 40 0
t 959 32 963 42 0
s 968 32 973 40 0
a 974 32 981 40 0
n 982 32 989 40 0
s 991 32 996 40 0
o 1001 32 1008 40 0
b 1005 28 1013 44 0
l 1009 32 1016 44 0
i 1017 32 1023 44 0
g 1024 28 1031 40 0
a 1032 32 1040 40 0
t 1040 32 1044 42 0
i 1045 32 1048 43 0
o 1049 32 1056 40 0
n 1057 32 1064 40 0
d 1069 32 1076 45 0
’ 1077 38 1080 43 0
a 1081 32 1088 40 0
c 1089 32 1094 40 0
h 1095 32 1102 44 0
a 1101 32 1108 45 0
t 1103 32 1115 42 0
v 1120 32 1127 40 0
a 1127 32 1134 40 0
l 1135 32 1138 44 0
a 1139 32 1146 40 0
b 1147 32 1154 44 0
l 1155 32 1158 44 0
e 1159 32 1165 40 0
d 1169 32 1176 44 0
u 1177 32 1185 39 0
0 1189 32 1196 42 0
5 1197 31 1204 42 0
. 1206 32 1208 34 0
0 1209 31 1217 43 0
9 1209 31 1224 42 0
. 1225 32 1228 34 0
2 1229 31 1236 43 0
0 1229 31 1244 43 0
1 1245 32 1249 42 0
1 1253 32 1257 42 0
a 892 16 899 24 0
u 900 16 907 24 0
3 912 15 919 27 0
1 921 16 925 26 0
. 928 16 931 19 0
0 931 16 939 27 0
1 940 16 944 27 0
. 943 15 951 27 0
2 952 16 958 27 0
0 959 16 967 27 0
1 968 16 972 26 0
2 975 16 982 27 0
. 979 15 982 27 0
V 991 16 999 28 0
o 999 16 1006 24 0
i 1007 16 1010 24 0
r 1011 16 1016 24 0
m 1025 16 1031 24 0
o 1033 16 1040 24 0
d 1041 16 1048 28 0
a 1045 6 1053 35 0
l 1049 16 1060 28 0
i 1061 16 1063 28 0
t 1064 16 1068 26 0
é 1069 6 1075 35 0
s 1069 16 1081 24 0
c 1085 16 1091 24 0
o 1092 16 1099 24 0
m 1100 16 1111 24 0
p 1107 12 1116 28 0
l 1112 12 1120 24 0
e 1121 16 1123 28 0
t 1124 16 1141 27 0
e 1134 12 1142 28 0
s 1142 16 1147 24 0
y 841 4 844 11 0
‘ 888 0 894 16 0
s 893 0 899 16 0
u 892 0 905 8 0
r 907 0 911 8 0
p 950 0 952 3 0
m 954 0 965 8 0
i 966 0 969 12 0
l 970 0 972 13 0
k 974 0 981 13 0
a 982 0 989 8 0
. 987 0 993 13 0
f 991 1 993 3 0
r 994 0 1003 13 0
~ 915 0 948 8 0
