@ 31 590 46 601 0
E 43 590 53 602 0
n 51 591 56 601 0
t 60 592 68 599 0
i 70 592 77 602 0
n 79 591 87 598 0
T 23 551 34 565 0
i 31 550 38 565 0
i 37 550 47 565 0
a 35 550 76 565 0
a 56 550 66 565 0
a 65 550 78 565 0
h 78 550 88 565 0
g 95 546 118 562 0
o 108 546 118 562 0
d 124 550 135 565 0
e 136 550 146 562 0
D 153 550 165 565 0
e 167 550 195 562 0
m 182 546 192 565 0
s 191 546 204 565 0
y 196 546 216 562 0
l 151 471 158 499 0
i 155 479 175 494 0
s 167 471 175 499 0
s 183 471 191 499 0
o 190 471 200 499 0
n 183 479 217 492 0
t 207 471 217 499 0
t 227 475 238 495 0
j 235 471 240 499 0
r 239 479 257 491 0
s 249 471 259 499 0
e 267 475 277 495 0
n 276 475 289 495 0
s 288 475 298 495 0
e 262 479 354 495 0
m 309 475 319 495 0
b 319 475 331 495 0
l 330 475 340 495 0
e 359 479 369 490 0
v 361 471 373 499 0
M 23 427 34 443 0
é 23 427 50 443 0
m 46 427 59 443 0
e 51 427 79 438 0
h 85 427 89 442 0
i 85 428 96 442 0
e 96 427 107 442 0
r 97 427 120 438 0
i 126 428 130 442 0
l 131 427 135 442 0
s 136 427 146 438 0
é 151 427 162 442 0
t 163 427 169 441 0
a 170 427 180 438 0
i 182 427 185 438 0
t 187 427 193 441 0
e 199 427 209 438 0
n 211 427 221 438 0
s 226 427 237 442 0
e 223 427 261 438 0
m 246 427 259 442 0
b 259 427 269 442 0
l 262 427 279 442 0
e 280 427 290 438 0
c 296 427 305 439 0
h 307 427 329 442 0
e 319 427 329 442 0
z 331 427 339 438 0
m 349 427 359 439 0
o 346 427 375 439 0
i 376 428 379 438 0
i 23 398 28 416 0
c 23 401 36 416 0
i 38 401 42 412 0
, 49 398 52 403 0
T 23 375 34 390 0
i 35 375 43 390 0
i 40 375 45 390 0
l 44 375 50 390 0
a 49 375 57 390 0
a 45 375 77 387 0
a 65 375 78 390 0
h 78 375 89 390 0
f 95 375 101 390 0
e 107 375 120 390 0
m 102 375 159 387 0
m 131 375 145 390 0
e 144 375 159 390 0
J 22 334 30 349 0
e 22 334 43 349 0
v 49 335 59 346 0
a 56 335 66 346 0
i 60 335 75 346 0
s 76 335 86 346 0
l 92 335 95 350 0
u 96 335 107 346 0
i 109 335 112 350 0
e 123 331 133 346 0
n 132 331 142 346 0
v 141 331 151 346 0
o 118 331 184 346 0
y 159 331 171 346 0
e 171 331 180 346 0
r 185 335 192 346 0
p 198 332 210 350 0
h 198 332 221 350 0
o 218 332 228 350 0
t 222 335 239 348 0
o 241 335 252 346 0
l 258 335 262 350 0
a 263 335 273 350 0
O 130 274 145 303 0
r 134 282 164 299 0
h 154 274 164 303 0
m 173 274 184 303 0
a 174 282 207 299 0
i 192 274 203 303 0
s 202 274 213 303 0
e 221 282 222 295 0
s 223 282 242 295 0
q 250 274 261 303 0
u 250 279 279 298 0
' 267 274 278 303 0
i 277 274 285 303 0
l 280 282 289 299 0
a 299 282 305 295 0
m 316 274 324 303 0
a 316 282 349 299 0
i 333 274 343 303 0
l 342 274 358 303 0
? 355 282 364 298 0
w 382 281 391 288 0
w 406 281 419 289 0
& 431 288 445 293 0
N 18 201 31 231 0
o 30 201 41 231 0
n 22 211 53 227 0
c 60 201 71 231 0
’ 65 211 76 224 0
e 76 220 81 227 0
s 80 211 106 226 0
t 98 201 106 231 0
b 115 211 123 227 0
i 115 211 132 227 0
z 133 211 143 227 0
a 143 211 151 227 0
r 133 211 181 224 0
r 160 211 168 227 0
e 186 211 256 227 0
a 188 201 198 231 0
c 198 201 206 231 0
t 205 201 216 231 0
u 215 201 226 231 0
o 235 201 246 231 0
h 245 201 258 231 0
~ 478 537 692 574 0
~ 478 574 696 584 0
~ 478 608 696 706 0
~ 478 584 696 608 0
~ 478 505 682 537 0
~ 472 451 656 465 0
~ 472 465 666 505 0
~ 472 419 654 451 0
~ 472 359 672 368 0
~ 478 389 672 419 0
~ 478 368 672 389 0
~ 472 309 682 322 0
~ 472 322 668 359 0
~ 0 203 22 235 0
~ 472 235 704 269 0
~ 472 269 692 309 0
~ 0 0 724 203 0
~ 256 203 724 235 0
