x 311 1036 327 1067 0
\ 327 1040 342 1067 0
A 345 1050 355 1073 0
A 361 1053 369 1067 0
W 371 1048 415 1074 0
l 423 1049 447 1070 0
l 447 1049 460 1071 0
s 341 1025 342 1029 0
a 345 1022 350 1031 0
a 351 1026 354 1032 0
b 356 1024 395 1042 0
O 363 704 371 714 0
u 370 704 378 714 0
A 363 704 391 714 0
l 384 704 390 714 0
s 392 705 399 714 0
. 396 704 399 714 0
. 401 705 403 707 0
. 405 705 411 707 0
I 318 691 319 700 0
L 320 691 326 700 0
A 331 690 339 700 0
P 345 691 352 700 0
A 352 690 359 700 0
S 360 691 368 700 0
D 374 691 382 702 0
O 374 691 397 700 0
N 388 691 396 702 0
N 398 691 405 700 0
E 406 691 412 702 0
G 418 691 427 700 0
R 428 690 436 700 0
A 427 690 451 700 0
N 444 690 452 700 0
D 452 691 459 700 0
S 326 676 333 685 0
I 331 676 339 685 0
G 334 676 345 685 0
N 346 676 353 685 0
E 354 676 360 685 0
D 366 676 373 685 0
E 374 676 380 685 0
V 386 676 396 686 0
I 392 676 399 686 0
E 397 676 403 685 0
D 410 676 418 685 0
E 417 676 425 685 0
P 409 676 439 685 0
U 431 676 437 685 0
I 440 676 442 685 0
S 443 676 451 685 0
D 344 662 350 671 0
E 344 662 359 671 0
S 359 662 367 671 0
A 372 661 380 671 0
N 381 662 388 671 0
N 389 662 396 671 0
E 397 662 403 673 0
S 404 662 410 671 0
. 411 662 419 671 0
. 420 662 427 664 0
. 428 662 431 664 0
P 44 310 50 319 0
R 44 310 62 319 0
I 56 310 66 319 0
E 65 310 71 319 0
R 63 310 79 319 0
P 84 310 92 319 0
O 84 310 108 319 0
U 98 310 106 319 0
R 109 310 117 319 0
G 122 309 131 319 0
U 131 310 139 319 0
L 140 310 152 320 0
N 43 295 50 304 0
E 51 295 57 304 0
V 63 295 71 305 0
I 71 295 73 304 0
E 74 295 81 304 0
N 81 295 88 305 0
N 81 295 97 304 0
E 98 295 104 304 0
P 110 295 117 304 0
A 116 294 124 304 0
S 125 295 133 304 0
E 139 295 145 304 0
N 146 295 153 304 0
S 59 105 67 114 0
I 68 105 70 114 0
L 76 105 81 114 0
' 82 110 85 115 0
E 86 105 100 114 0
X 94 105 102 116 0
E 101 105 107 116 0
C 108 105 115 114 0
U 115 105 123 116 0
T 122 105 130 116 0
I 116 105 149 114 0
O 136 105 144 116 0
N 143 105 149 116 0
P 43 90 49 101 0
O 43 91 66 100 0
U 55 90 65 101 0
V 64 90 72 101 0
A 67 91 75 101 0
I 74 90 82 100 0
T 83 91 92 100 0
S 97 91 105 100 0
E 106 91 112 100 0
P 118 91 126 100 0
A 125 90 133 100 0
S 133 91 141 100 0
S 141 90 151 100 0
E 142 91 166 100 0
R 157 90 166 100 0
R 40 75 46 86 0
A 40 75 55 85 0
P 56 76 65 85 0
I 61 75 69 86 0
D 68 75 74 86 0
E 66 76 80 85 0
M 81 76 90 86 0
E 91 76 97 85 0
N 96 75 104 86 0
T 98 76 113 85 0
E 118 76 125 85 0
T 118 76 132 85 0
S 137 75 152 85 0
A 145 75 153 85 0
N 153 76 160 85 0
S 161 76 169 85 0
A 41 61 47 71 0
C 41 61 63 71 0
C 55 61 63 71 0
R 62 61 70 71 0
O 69 61 77 71 0
C 64 62 88 71 0
. 83 61 89 71 0
. 89 62 95 64 0
. 97 62 100 64 0
C 106 62 120 71 0
E 114 62 120 71 0
S 126 62 140 71 0
E 135 61 142 71 0
R 142 61 149 71 0
A 142 61 157 71 0
I 155 61 163 71 0
T 158 62 167 71 0
‘ 49 47 50 57 0
M 49 47 61 57 0
I 56 47 64 57 0
E 62 47 69 56 0
U 68 47 78 57 0
X 70 47 85 56 0
P 91 47 99 56 0
O 91 47 114 56 0
U 105 47 113 56 0
R 115 47 124 56 0
T 128 47 136 56 0
O 136 47 143 56 0
U 135 47 152 56 0
T 152 47 159 56 0
P 504 1031 509 1040 0
E 504 1031 517 1040 0
N 517 1031 525 1040 0
S 518 1031 534 1040 0
E 535 1031 541 1040 0
Z 542 1031 549 1040 0
Q 554 1030 563 1040 0
U 564 1031 571 1040 0
E 572 1031 579 1040 0
P 625 1028 633 1038 0
L 634 1028 640 1038 0
U 641 1028 649 1038 0
S 650 1028 658 1038 0
Q 664 1027 674 1038 0
U 675 1028 683 1038 0
E 684 1028 691 1038 0
e 492 1016 499 1025 0
a 499 1015 507 1025 0
r 506 1015 516 1025 0
o 508 1016 524 1025 0
e 525 1016 531 1025 0
e 537 1016 545 1025 0
u 543 1015 550 1025 0
a 546 1015 559 1025 0
n 560 1016 575 1025 0
c 568 1015 578 1025 0
r 576 1015 583 1025 0
e 584 1016 590 1025 0
= 608 1005 618 1042 0
S 625 1012 633 1022 0
p 649 1012 650 1022 0
e 649 1012 655 1022 0
u 654 1012 664 1022 0
p 649 1012 682 1022 0
e 673 1012 683 1022 0
s 683 1012 691 1022 0
V 496 1002 504 1012 0
A 504 1001 512 1011 0
B 517 1002 525 1011 0
I 526 1002 528 1011 0
E 529 1002 535 1011 0
N 536 1002 551 1011 0
T 544 1002 550 1014 0
O 549 1002 558 1014 0
T 550 1002 566 1014 0
G 571 1002 578 1011 0
e 579 1002 586 1011 0
u 640 1011 648 1022 0
p 649 997 661 1000 0
T 567 711 574 720 0
U 574 711 582 720 0
C 587 711 594 720 0
R 593 711 601 720 0
O 595 711 614 720 0
I 607 711 615 720 0
S 615 711 622 720 0
Q 628 710 636 721 0
U 628 710 645 720 0
I 646 716 648 721 0
L 649 711 658 720 0
V 664 711 672 721 0
A 671 710 679 720 0
V 565 696 571 707 0
R 565 696 589 707 0
A 579 696 587 707 0
I 586 696 594 707 0
M 590 697 608 707 0
E 600 696 608 707 0
N 607 696 615 707 0
T 609 697 624 706 0
V 629 697 637 707 0
E 638 697 644 706 0
N 645 697 652 706 0
I 653 697 655 706 0
R 655 697 664 706 0
7 669 700 677 706 0
! 677 697 681 707 0
J 580 682 588 691 0
E 580 682 595 691 0
V 601 682 609 692 0
E 601 682 615 692 0
U 615 682 623 692 0
K 616 682 631 691 0
D 637 682 647 691 0
I 643 680 649 691 0
R 648 682 656 691 0
E 655 680 660 691 0
, 657 680 666 691 0
M 554 668 563 678 0
E 564 668 570 680 0
M 571 668 578 680 0
E 571 668 587 678 0
B 593 668 601 677 0
A 601 667 609 677 0
R 601 667 625 677 0
B 617 667 625 677 0
E 626 668 633 677 0
B 639 668 646 677 0
L 647 667 661 677 0
A 655 667 662 677 0
N 662 667 669 677 0
C 662 667 684 677 0
H 678 667 686 677 0
E 685 668 692 677 0
D 561 653 567 662 0
O 566 653 574 662 0
I 561 653 587 662 0
T 580 653 587 662 0
S 592 653 599 662 0
E 592 653 607 662 0
F 613 652 619 662 0
A 619 652 627 662 0
I 627 653 629 662 0
R 630 653 645 662 0
E 638 652 645 662 0
V 651 653 661 663 0
I 657 653 665 663 0
E 662 653 668 662 0
L 669 653 674 663 0
I 669 653 685 662 0
K 678 653 685 663 0
~ 17 0 743 1100 0
